1	1	2007	69.1
1	2	2007	69.5
1	3	2007	65.5
1	4	2007	63
1	5	2007	62.4
1	6	2007	57.1
1	7	2007	54.4
1	8	2007	56.3
1	9	2007	61.3
1	10	2007	63.6
1	11	2007	68.5
1	12	2007	67.4
1	13	2007	62.8
1	14	2007	64.5
1	15	2007	69.7
1	16	2007	70.1
1	17	2007	63.2
1	18	2007	61.6
1	19	2007	64.9
1	20	2007	70
1	21	2007	62.8
1	22	2007	64.3
1	23	2007	63.1
1	24	2007	57.5
1	25	2007	61.5
1	26	2007	62
1	27	2007	59.1
1	28	2007	52.7
1	29	2007	54.3
1	30	2007	58.4
1	31	2007	61.3
2	1	2007	55
2	2	2007	54
2	3	2007	60.2
2	4	2007	64.8
2	5	2007	64.2
2	6	2007	68.2
2	7	2007	70
2	8	2007	71.9
2	9	2007	69.1
2	10	2007	61.9
2	11	2007	63.1
2	12	2007	66.9
2	13	2007	71.1
2	14	2007	64
2	15	2007	65.5
2	16	2007	69.5
2	17	2007	73
2	18	2007	65
2	19	2007	62.1
2	20	2007	63.5
2	21	2007	64.2
2	22	2007	65.4
2	23	2007	65.7
2	24	2007	68.5
2	25	2007	60.3
2	26	2007	61.7
2	27	2007	69
2	28	2007	69.1
3	1	2007	70.5
3	2	2007	71
3	3	2007	72.3
3	4	2007	72.1
3	5	2007	56.6
3	6	2007	53.4
3	7	2007	55.7
3	8	2007	60.1
3	9	2007	62
3	10	2007	66.2
3	11	2007	58.2
3	12	2007	64.1
3	13	2007	66.5
3	14	2007	71.5
3	15	2007	73.6
3	16	2007	68.1
3	17	2007	61.3
3	18	2007	61.4
3	19	2007	60.1
3	20	2007	60.1
3	21	2007	66.5
3	22	2007	71.4
3	23	2007	72.7
3	24	2007	73.2
3	25	2007	68.6
3	26	2007	71.8
3	27	2007	66.6
3	28	2007	73.1
3	29	2007	76.3
3	30	2007	80
3	31	2007	78.4
4	1	2007	77.9
4	2	2007	62.4
4	3	2007	56.5
4	4	2007	60.4
4	5	2007	64.9
4	6	2007	63.7
4	7	2007	62.8
4	8	2007	62.4
4	9	2007	64.4
4	10	2007	62.1
4	11	2007	64.9
4	12	2007	73.7
4	13	2007	73.6
4	14	2007	75.4
4	15	2007	72.7
4	16	2007	74.4
4	17	2007	74.4
4	18	2007	59.4
4	19	2007	69.9
4	20	2007	74.5
4	21	2007	77.6
4	22	2007	81.4
4	23	2007	71.2
4	24	2007	71.8
4	25	2007	68.2
4	26	2007	72.3
4	27	2007	74.7
4	28	2007	72.7
4	29	2007	79
4	30	2007	76.3
5	1	2007	72
5	2	2007	74.2
5	3	2007	78
5	4	2007	79.5
5	5	2007	73.8
5	6	2007	75
5	7	2007	73
5	8	2007	77.9
5	9	2007	78.1
5	10	2007	78.8
5	11	2007	79.3
5	12	2007	78.9
5	13	2007	75.1
5	14	2007	76.2
5	15	2007	79.2
5	16	2007	82.6
5	17	2007	78.7
5	18	2007	75.2
5	19	2007	72.1
5	20	2007	72.5
5	21	2007	78.3
5	22	2007	82.5
5	23	2007	82
5	24	2007	86.8
5	25	2007	86.5
5	26	2007	84.4
5	27	2007	86.3
5	28	2007	84.7
5	29	2007	85.1
5	30	2007	77.9
5	31	2007	83.3
6	1	2007	84.1
6	2	2007	87.5
6	3	2007	81.3
6	4	2007	80
6	5	2007	80.1
6	6	2007	76.4
6	7	2007	77.3
6	8	2007	75.3
6	9	2007	76
6	10	2007	77.5
6	11	2007	80.1
6	12	2007	80.5
6	13	2007	83.7
6	14	2007	86.2
6	15	2007	81
6	16	2007	78.8
6	17	2007	82.2
6	18	2007	83.6
6	19	2007	84
6	20	2007	85
6	21	2007	85
6	22	2007	87.1
6	23	2007	84.1
6	24	2007	87.2
6	25	2007	84.4
6	26	2007	82.6
6	27	2007	81.1
6	28	2007	84.3
6	29	2007	83.6
6	30	2007	85.8
7	1	2007	85.5
7	2	2007	85.7
7	3	2007	86.1
7	4	2007	85.6
7	5	2007	83.8
7	6	2007	85.7
7	7	2007	87.8
7	8	2007	88.1
7	9	2007	84
7	10	2007	86.8
7	11	2007	83.1
7	12	2007	86.1
7	13	2007	85.4
7	14	2007	85
7	15	2007	86.1
7	16	2007	87
7	17	2007	89.2
7	18	2007	88.5
7	19	2007	89.9
7	20	2007	89.9
7	21	2007	89.8
7	22	2007	89.4
7	23	2007	86.8
7	24	2007	84.9
7	25	2007	85.9
7	26	2007	85
7	27	2007	87.4
7	28	2007	86.5
7	29	2007	86.9
7	30	2007	84.1
7	31	2007	84.5
8	1	2007	86.7
8	2	2007	87.4
8	3	2007	84.8
8	4	2007	81.7
8	5	2007	85.6
8	6	2007	87
8	7	2007	81
8	8	2007	84.7
8	9	2007	86.5
8	10	2007	83
8	11	2007	84.9
8	12	2007	79.3
8	13	2007	83.7
8	14	2007	81.1
8	15	2007	86.1
8	16	2007	86
8	17	2007	82.9
8	18	2007	81.2
8	19	2007	81.8
8	20	2007	81.1
8	21	2007	81.3
8	22	2007	81.1
8	23	2007	81.1
8	24	2007	83.8
8	25	2007	83.5
8	26	2007	84
8	27	2007	86.4
8	28	2007	86
8	29	2007	86
8	30	2007	85.1
8	31	2007	84.5
9	1	2007	84.1
9	2	2007	81.9
9	3	2007	81.1
9	4	2007	82.6
9	5	2007	77.7
9	6	2007	79.6
9	7	2007	81.7
9	8	2007	80.6
9	9	2007	81.7
9	10	2007	82.3
9	11	2007	81
9	12	2007	81.5
9	13	2007	80.5
9	14	2007	81.8
9	15	2007	79.8
9	16	2007	81.5
9	17	2007	79.2
9	18	2007	77.4
9	19	2007	77.3
9	20	2007	83.5
9	21	2007	79.3
9	22	2007	81
9	23	2007	83.1
9	24	2007	82.2
9	25	2007	81.8
9	26	2007	82.4
9	27	2007	84.7
9	28	2007	84.4
9	29	2007	83.5
9	30	2007	82.5
10	1	2007	84.1
10	2	2007	84.5
10	3	2007	81.1
10	4	2007	82.1
10	5	2007	81.4
10	6	2007	78
10	7	2007	78.3
10	8	2007	79.7
10	9	2007	72.6
10	10	2007	74
10	11	2007	76.2
10	12	2007	75.7
10	13	2007	75.3
10	14	2007	72.3
10	15	2007	72.1
10	16	2007	70.8
10	17	2007	70.6
10	18	2007	70.6
10	19	2007	70.3
10	20	2007	70
10	21	2007	73
10	22	2007	74.2
10	23	2007	77.4
10	24	2007	78.2
10	25	2007	77.4
10	26	2007	73.2
10	27	2007	72.2
10	28	2007	77
10	29	2007	75.2
10	30	2007	72.5
10	31	2007	74.8
11	1	2007	68.7
11	2	2007	64.4
11	3	2007	67.3
11	4	2007	66.8
11	5	2007	68.8
11	6	2007	67.8
11	7	2007	67.6
11	8	2007	69.3
11	9	2007	69.8
11	10	2007	69.6
11	11	2007	68.6
11	12	2007	68.8
11	13	2007	70.6
11	14	2007	74.1
11	15	2007	74.9
11	16	2007	75
11	17	2007	75
11	18	2007	65.8
11	19	2007	66.1
11	20	2007	66.6
11	21	2007	67.4
11	22	2007	67.8
11	23	2007	67.2
11	24	2007	70.3
11	25	2007	72.1
11	26	2007	67.7
11	27	2007	63.2
11	28	2007	62.4
11	29	2007	61.2
11	30	2007	64.3
12	1	2007	68.5
12	2	2007	68.6
12	3	2007	64
12	4	2007	66
12	5	2007	64.7
12	6	2007	66.6
12	7	2007	65.8
12	8	2007	66.1
12	9	2007	70.2
12	10	2007	69.7
12	11	2007	71.8
12	12	2007	72.7
12	13	2007	65.2
12	14	2007	64.5
12	15	2007	66.4
12	16	2007	68.4
12	17	2007	71
12	18	2007	67.8
12	19	2007	66
12	20	2007	71.5
12	21	2007	69.6
12	22	2007	70.2
12	23	2007	66.3
12	24	2007	64.9
12	25	2007	67.5
12	26	2007	64.8
12	27	2007	69.2
12	28	2007	67.7
12	29	2007	60.4
12	30	2007	55.2
12	31	2007	53.7
1	1	2008	52.7
1	2	2008	54.4
1	3	2008	60.9
1	4	2008	62.7
1	5	2008	63.5
1	6	2008	67.9
1	7	2008	69.1
1	8	2008	70.8
1	9	2008	70.7
1	10	2008	70.9
1	11	2008	73.2
1	12	2008	65.8
1	13	2008	58.6
1	14	2008	56.8
1	15	2008	58.7
1	16	2008	55.9
1	17	2008	58.4
1	18	2008	60.4
1	19	2008	66.1
1	20	2008	67.2
1	21	2008	61.6
1	22	2008	63.1
1	23	2008	58.9
1	24	2008	55.3
1	25	2008	60.8
1	26	2008	61.3
1	27	2008	58.3
1	28	2008	61.2
1	29	2008	59.3
1	30	2008	57
1	31	2008	55.6
2	1	2008	61.6
2	2	2008	56.2
2	3	2008	53.6
2	4	2008	59.2
2	5	2008	58.9
2	6	2008	54.4
2	7	2008	54.1
2	8	2008	55
2	9	2008	49.3
2	10	2008	54.1
2	11	2008	53.1
2	12	2008	49.1
2	13	2008	50.1
2	14	2008	52
2	15	2008	54.8
2	16	2008	61.7
2	17	2008	62.7
2	18	2008	62.1
2	19	2008	60.2
2	20	2008	61.1
2	21	2008	67.3
2	22	2008	67.4
2	23	2008	61.5
2	24	2008	60.7
2	25	2008	64.8
2	26	2008	55.6
2	27	2008	53.1
2	28	2008	57.5
2	29	2008	57.2
3	1	2008	63.7
3	2	2008	63.6
3	3	2008	62.1
3	4	2008	59.7
3	5	2008	62.1
3	6	2008	66.6
3	7	2008	66.1
3	8	2008	63.4
3	9	2008	65.6
3	10	2008	63.7
3	11	2008	69.9
3	12	2008	73.8
3	13	2008	70.4
3	14	2008	63
3	15	2008	67.5
3	16	2008	69
3	17	2008	67.1
3	18	2008	68.6
3	19	2008	64.1
3	20	2008	67.8
3	21	2008	72.3
3	22	2008	71.1
3	23	2008	62.3
3	24	2008	63.3
3	25	2008	70.8
3	26	2008	67.3
3	27	2008	69.7
3	28	2008	74.3
3	29	2008	74.6
3	30	2008	63.4
3	31	2008	58.1
4	1	2008	63
4	2	2008	63.5
4	3	2008	62.8
4	4	2008	69
4	5	2008	75.8
4	6	2008	77.5
4	7	2008	77.7
4	8	2008	77.1
4	9	2008	79.9
4	10	2008	66.1
4	11	2008	68.7
4	12	2008	67.6
4	13	2008	65.4
4	14	2008	67.4
4	15	2008	75.2
4	16	2008	76
4	17	2008	69.1
4	18	2008	74
4	19	2008	76.2
4	20	2008	78.3
4	21	2008	74.1
4	22	2008	71.8
4	23	2008	67.6
4	24	2008	63
4	25	2008	70.3
4	26	2008	76.7
4	27	2008	79.2
4	28	2008	73.5
4	29	2008	76
4	30	2008	78.4
5	1	2008	77.5
5	2	2008	77.5
5	3	2008	83.1
5	4	2008	83.8
5	5	2008	68
5	6	2008	70.3
5	7	2008	73.4
5	8	2008	82.1
5	9	2008	81.1
5	10	2008	69.5
5	11	2008	68.9
5	12	2008	71.8
5	13	2008	74.1
5	14	2008	74.8
5	15	2008	73.4
5	16	2008	76.8
5	17	2008	82.1
5	18	2008	84.1
5	19	2008	70.8
5	20	2008	76.2
5	21	2008	78.6
5	22	2008	80.9
5	23	2008	82.2
5	24	2008	82.8
5	25	2008	81.2
5	26	2008	78.5
5	27	2008	80.6
5	28	2008	86.8
5	29	2008	87.9
5	30	2008	82.7
5	31	2008	72.8
6	1	2008	75.6
6	2	2008	75.8
6	3	2008	71.7
6	4	2008	78.7
6	5	2008	83.4
6	6	2008	82.4
6	7	2008	81.9
6	8	2008	82.4
6	9	2008	81.1
6	10	2008	84.1
6	11	2008	88.5
6	12	2008	77.1
6	13	2008	81
6	14	2008	78.1
6	15	2008	82.4
6	16	2008	81.2
6	17	2008	82.3
6	18	2008	82.7
6	19	2008	85.6
6	20	2008	87.3
6	21	2008	86.7
6	22	2008	87.7
6	23	2008	88.2
6	24	2008	87.6
6	25	2008	86.9
6	26	2008	85.9
6	27	2008	84.4
6	28	2008	82.6
6	29	2008	81.6
6	30	2008	82.9
7	1	2008	85.9
7	2	2008	87.3
7	3	2008	88.6
7	4	2008	85.1
7	5	2008	86.1
7	6	2008	86.5
7	7	2008	87.3
7	8	2008	85.2
7	9	2008	84.1
7	10	2008	85.1
7	11	2008	82.6
7	12	2008	85
7	13	2008	85.7
7	14	2008	86.1
7	15	2008	87.7
7	16	2008	86.2
7	17	2008	82.9
7	18	2008	79.2
7	19	2008	85.7
7	20	2008	87.3
7	21	2008	89.2
7	22	2008	86.3
7	23	2008	87.2
7	24	2008	89.4
7	25	2008	89.4
7	26	2008	88.1
7	27	2008	84.2
7	28	2008	83.7
7	29	2008	82
7	30	2008	85.1
7	31	2008	87
8	1	2008	87.1
8	2	2008	87.6
8	3	2008	87.9
8	4	2008	87.5
8	5	2008	88.2
8	6	2008	87.3
8	7	2008	85.7
8	8	2008	86.1
8	9	2008	83.2
8	10	2008	84.9
8	11	2008	84.9
8	12	2008	88.5
8	13	2008	89.2
8	14	2008	89
8	15	2008	84.3
8	16	2008	86.1
8	17	2008	84.6
8	18	2008	86.7
8	19	2008	87.8
8	20	2008	89.2
8	21	2008	89.5
8	22	2008	86.5
8	23	2008	84
8	24	2008	84.7
8	25	2008	86.8
8	26	2008	86.3
8	27	2008	85.2
8	28	2008	87
8	29	2008	86.8
8	30	2008	86.7
8	31	2008	87.7
9	1	2008	81.5
9	2	2008	77.9
9	3	2008	81.1
9	4	2008	83
9	5	2008	81.9
9	6	2008	85.2
9	7	2008	84.8
9	8	2008	84.4
9	9	2008	83.1
9	10	2008	83.3
9	11	2008	82
9	12	2008	83.2
9	13	2008	81.6
9	14	2008	77.9
9	15	2008	81.4
9	16	2008	84.8
9	17	2008	84.4
9	18	2008	85.9
9	19	2008	86.7
9	20	2008	86.5
9	21	2008	86
9	22	2008	85.1
9	23	2008	89.3
9	24	2008	88
9	25	2008	87.8
9	26	2008	84.8
9	27	2008	78.4
9	28	2008	79.4
9	29	2008	74.7
9	30	2008	74.9
10	1	2008	77.6
10	2	2008	77.9
10	3	2008	81.4
10	4	2008	81.3
10	5	2008	83
10	6	2008	76
10	7	2008	72.9
10	8	2008	78.1
10	9	2008	79
10	10	2008	80.5
10	11	2008	78.1
10	12	2008	76.1
10	13	2008	78
10	14	2008	76.4
10	15	2008	78.8
10	16	2008	81.4
10	17	2008	81.2
10	18	2008	81.6
10	19	2008	81.5
10	20	2008	80.8
10	21	2008	81.5
10	22	2008	81.1
10	23	2008	81.7
10	24	2008	77
10	25	2008	81.1
10	26	2008	80.5
10	27	2008	75
10	28	2008	77.1
10	29	2008	80.1
10	30	2008	82.1
10	31	2008	80.9
11	1	2008	79.1
11	2	2008	83.2
11	3	2008	75.4
11	4	2008	77.6
11	5	2008	84.1
11	6	2008	81.4
11	7	2008	81.3
11	8	2008	73
11	9	2008	67.6
11	10	2008	66.7
11	11	2008	66.3
11	12	2008	70.6
11	13	2008	70.7
11	14	2008	74.2
11	15	2008	76.5
11	16	2008	71.3
11	17	2008	70.6
11	18	2008	65.9
11	19	2008	61.3
11	20	2008	63.8
11	21	2008	67.9
11	22	2008	74.3
11	23	2008	75.4
11	24	2008	68.8
11	25	2008	69.7
11	26	2008	70.4
11	27	2008	64.1
11	28	2008	57.2
11	29	2008	62.6
11	30	2008	65.9
12	1	2008	66.7
12	2	2008	69
12	3	2008	71.8
12	4	2008	69.6
12	5	2008	58.8
12	6	2008	57.1
12	7	2008	64.2
12	8	2008	65.4
12	9	2008	64.8
12	10	2008	68.5
12	11	2008	69.3
12	12	2008	69.2
12	13	2008	67.8
12	14	2008	60.2
12	15	2008	59.2
12	16	2008	66
12	17	2008	64.4
12	18	2008	66
12	19	2008	68
12	20	2008	67.9
12	21	2008	68
12	22	2008	55.2
12	23	2008	63
12	24	2008	68.2
12	25	2008	62.8
12	26	2008	64.7
12	27	2008	71.6
12	28	2008	70
12	29	2008	64.5
12	30	2008	60.6
12	31	2008	55.9
1	1	2009	53.7
1	2	2009	56.8
1	3	2009	63
1	4	2009	63.6
1	5	2009	63.7
1	6	2009	64.1
1	7	2009	64
1	8	2009	61.4
1	9	2009	54
1	10	2009	51.4
1	11	2009	58.8
1	12	2009	55.5
1	13	2009	49.3
1	14	2009	55.3
1	15	2009	58
1	16	2009	65.7
1	17	2009	65.4
1	18	2009	65.8
1	19	2009	67.5
1	20	2009	67.9
1	21	2009	67.8
1	22	2009	64.3
1	23	2009	54.8
1	24	2009	50.4
1	25	2009	56.7
1	26	2009	58.1
1	27	2009	60.7
1	28	2009	68.1
1	29	2009	67.4
1	30	2009	61.8
1	31	2009	63.6
2	1	2009	67.7
2	2	2009	66.4
2	3	2009	68.2
2	4	2009	69.8
2	5	2009	65.6
2	6	2009	63.7
2	7	2009	66.3
2	8	2009	66.2
2	9	2009	70
2	10	2009	64.1
2	11	2009	68.6
2	12	2009	71.8
2	13	2009	75.1
2	14	2009	70.2
2	15	2009	70.6
2	16	2009	63.9
2	17	2009	64.4
2	18	2009	70.5
2	19	2009	71.1
2	20	2009	59.8
2	21	2009	67.8
2	22	2009	73.6
2	23	2009	74.5
2	24	2009	74.2
2	25	2009	74
2	26	2009	67.6
2	27	2009	65.8
2	28	2009	63.7
3	1	2009	60.9
3	2	2009	62.7
3	3	2009	61.3
3	4	2009	70
3	5	2009	69
3	6	2009	56.9
3	7	2009	59.8
3	8	2009	63.3
3	9	2009	58.4
3	10	2009	69.2
3	11	2009	65.4
3	12	2009	70.5
3	13	2009	65.2
3	14	2009	54.7
3	15	2009	63.9
3	16	2009	67.6
3	17	2009	70.3
3	18	2009	74.8
3	19	2009	75.7
3	20	2009	72.3
3	21	2009	76
3	22	2009	75.3
3	23	2009	62.8
3	24	2009	60.3
3	25	2009	62.5
3	26	2009	70.3
3	27	2009	70.6
3	28	2009	63.2
3	29	2009	60.8
3	30	2009	60.9
3	31	2009	62.6
4	1	2009	60.6
4	2	2009	62.2
4	3	2009	71.1
4	4	2009	73.3
4	5	2009	64.3
4	6	2009	62
4	7	2009	65.9
4	8	2009	62.7
4	9	2009	65
4	10	2009	69.3
4	11	2009	75.2
4	12	2009	78
4	13	2009	73.5
4	14	2009	68.1
4	15	2009	75.7
4	16	2009	73.3
4	17	2009	70.9
4	18	2009	77.7
4	19	2009	77.1
4	20	2009	76.7
4	21	2009	71.5
4	22	2009	69.6
4	23	2009	77
4	24	2009	80.5
4	25	2009	65.2
4	26	2009	63.2
4	27	2009	67.1
4	28	2009	71.4
4	29	2009	73.6
4	30	2009	74.6
5	1	2009	75.3
5	2	2009	76.7
5	3	2009	74.7
5	4	2009	69.3
5	5	2009	71.8
5	6	2009	71.7
5	7	2009	76.6
5	8	2009	77.7
5	9	2009	78.3
5	10	2009	78.6
5	11	2009	79.4
5	12	2009	82.4
5	13	2009	78.3
5	14	2009	77.2
5	15	2009	83.4
5	16	2009	83.8
5	17	2009	81.5
5	18	2009	76.9
5	19	2009	76.1
5	20	2009	83.2
5	21	2009	82.8
5	22	2009	84.8
5	23	2009	82.9
5	24	2009	77.4
5	25	2009	80.1
5	26	2009	76.2
5	27	2009	72.9
5	28	2009	73
5	29	2009	73.8
5	30	2009	76.9
5	31	2009	80.5
6	1	2009	81.1
6	2	2009	79.5
6	3	2009	83.1
6	4	2009	74
6	5	2009	76
6	6	2009	80.2
6	7	2009	82
6	8	2009	82.4
6	9	2009	85.9
6	10	2009	86.2
6	11	2009	80
6	12	2009	84.8
6	13	2009	81.2
6	14	2009	78.3
6	15	2009	79.3
6	16	2009	84.2
6	17	2009	86.5
6	18	2009	85.6
6	19	2009	84.7
6	20	2009	85.8
6	21	2009	84.3
6	22	2009	87.1
6	23	2009	86.2
6	24	2009	84.1
6	25	2009	82.8
6	26	2009	84.7
6	27	2009	83.7
6	28	2009	84.7
6	29	2009	86.7
6	30	2009	87
7	1	2009	88.5
7	2	2009	82.2
7	3	2009	81.1
7	4	2009	84.1
7	5	2009	84.4
7	6	2009	86
7	7	2009	86.2
7	8	2009	85.9
7	9	2009	88.1
7	10	2009	89.3
7	11	2009	88.8
7	12	2009	87.6
7	13	2009	85.2
7	14	2009	84.6
7	15	2009	86.7
7	16	2009	89
7	17	2009	87
7	18	2009	87
7	19	2009	87.2
7	20	2009	86.6
7	21	2009	89.3
7	22	2009	88.7
7	23	2009	88.6
7	24	2009	86.6
7	25	2009	83.7
7	26	2009	83.8
7	27	2009	84.7
7	28	2009	84
7	29	2009	86
7	30	2009	87.8
7	31	2009	88.2
8	1	2009	87.9
8	2	2009	89.6
8	3	2009	87.9
8	4	2009	84.1
8	5	2009	85.4
8	6	2009	83.5
8	7	2009	81.9
8	8	2009	83.1
8	9	2009	80.2
8	10	2009	84.8
8	11	2009	85.7
8	12	2009	82.4
8	13	2009	83.4
8	14	2009	86.3
8	15	2009	86.2
8	16	2009	85.4
8	17	2009	85.7
8	18	2009	85.9
8	19	2009	85.8
8	20	2009	86.5
8	21	2009	86.3
8	22	2009	86.2
8	23	2009	86.7
8	24	2009	87.6
8	25	2009	87.4
8	26	2009	87
8	27	2009	87.6
8	28	2009	86.9
8	29	2009	87.3
8	30	2009	86.5
8	31	2009	86
9	1	2009	84.3
9	2	2009	82.4
9	3	2009	83.3
9	4	2009	82.9
9	5	2009	84.4
9	6	2009	83.6
9	7	2009	83.8
9	8	2009	82.9
9	9	2009	82.8
9	10	2009	81.9
9	11	2009	85.8
9	12	2009	88.1
9	13	2009	83.9
9	14	2009	87.3
9	15	2009	84.9
9	16	2009	84.6
9	17	2009	84.4
9	18	2009	83.9
9	19	2009	80.4
9	20	2009	82.9
9	21	2009	84
9	22	2009	84.7
9	23	2009	84.9
9	24	2009	84.1
9	25	2009	82.6
9	26	2009	84.2
9	27	2009	81.6
9	28	2009	80.9
9	29	2009	81.8
9	30	2009	82.9
10	1	2009	81.2
10	2	2009	79
10	3	2009	77.5
10	4	2009	75.6
10	5	2009	75.3
10	6	2009	76.2
10	7	2009	75.3
10	8	2009	74.6
10	9	2009	75.1
10	10	2009	74.2
10	11	2009	74.2
10	12	2009	76
10	13	2009	75.8
10	14	2009	73.2
10	15	2009	72.7
10	16	2009	76.7
10	17	2009	76.5
10	18	2009	78.6
10	19	2009	76.7
10	20	2009	73.2
10	21	2009	76.1
10	22	2009	73.5
10	23	2009	72.7
10	24	2009	73.5
10	25	2009	71.8
10	26	2009	72.2
10	27	2009	74.2
10	28	2009	76.5
10	29	2009	78.1
10	30	2009	77.4
10	31	2009	79.7
11	1	2009	72.5
11	2	2009	66.9
11	3	2009	66.5
11	4	2009	74.9
11	5	2009	77.4
11	6	2009	77.7
11	7	2009	78.9
11	8	2009	79.6
11	9	2009	79.2
11	10	2009	75.9
11	11	2009	71.7
11	12	2009	72.7
11	13	2009	65.5
11	14	2009	65.6
11	15	2009	71.2
11	16	2009	72.2
11	17	2009	61.7
11	18	2009	63.1
11	19	2009	67.3
11	20	2009	65.4
11	21	2009	64.5
11	22	2009	67.4
11	23	2009	70.5
11	24	2009	71.2
11	25	2009	73
11	26	2009	73
11	27	2009	71.8
11	28	2009	68.4
11	29	2009	67.5
11	30	2009	65.5
12	1	2009	63.5
12	2	2009	67.5
12	3	2009	59.7
12	4	2009	62.6
12	5	2009	62.3
12	6	2009	66.4
12	7	2009	67.7
12	8	2009	72.5
12	9	2009	71.5
12	10	2009	70.3
12	11	2009	71.9
12	12	2009	66.9
12	13	2009	71.3
12	14	2009	65.8
12	15	2009	66.6
12	16	2009	59.5
12	17	2009	55.9
12	18	2009	53.1
12	19	2009	51.6
12	20	2009	51.4
12	21	2009	54.4
12	22	2009	61.5
12	23	2009	62.1
12	24	2009	67.7
12	25	2009	64
12	26	2009	59.4
12	27	2009	59.9
12	28	2009	54.4
12	29	2009	61.2
12	30	2009	59.7
12	31	2009	56.7
1	1	2010	63.4
1	2	2010	61.3
1	3	2010	59.8
1	4	2010	64
1	5	2010	57.4
1	6	2010	57.3
1	7	2010	56
1	8	2010	57.1
1	9	2010	65.2
1	10	2010	65.4
1	11	2010	59
1	12	2010	47.9
1	13	2010	51.4
1	14	2010	55.6
1	15	2010	65.5
1	16	2010	61.5
1	17	2010	62.5
1	18	2010	68.9
1	19	2010	72
1	20	2010	73.4
1	21	2010	66
1	22	2010	57.9
1	23	2010	58.3
1	24	2010	64.9
1	25	2010	59
1	26	2010	62.1
1	27	2010	68.4
1	28	2010	65.8
1	29	2010	67.1
1	30	2010	67
1	31	2010	70.6
2	1	2010	64
2	2	2010	64.3
2	3	2010	62.8
2	4	2010	64.2
2	5	2010	64.9
2	6	2010	64.6
2	7	2010	62.2
2	8	2010	69.3
2	9	2010	70.2
2	10	2010	74.3
2	11	2010	69.7
2	12	2010	53
2	13	2010	57.6
2	14	2010	63.3
2	15	2010	56.9
2	16	2010	53.7
2	17	2010	53.1
2	18	2010	50.5
2	19	2010	51.8
2	20	2010	57.1
2	21	2010	62.1
2	22	2010	60.7
2	23	2010	65.8
2	24	2010	71.6
2	25	2010	72.3
2	26	2010	77.1
2	27	2010	70.1
2	28	2010	73.8
3	1	2010	76.1
3	2	2010	67.9
3	3	2010	71.2
3	4	2010	73.8
3	5	2010	74.4
3	6	2010	68.6
3	7	2010	58.2
3	8	2010	60.7
3	9	2010	51.3
3	10	2010	47.8
3	11	2010	62.7
3	12	2010	70.2
3	13	2010	68.5
3	14	2010	76.8
3	15	2010	71
3	16	2010	59.5
3	17	2010	64.8
3	18	2010	67.5
3	19	2010	73.8
3	20	2010	76.5
3	21	2010	69.8
3	22	2010	76.3
3	23	2010	77.1
3	24	2010	68.4
3	25	2010	57.4
3	26	2010	58.8
3	27	2010	66.8
3	28	2010	61.6
3	29	2010	69.4
3	30	2010	71.7
3	31	2010	73.1
4	1	2010	74.6
4	2	2010	61.5
4	3	2010	65.4
4	4	2010	65.8
4	5	2010	69.7
4	6	2010	68.1
4	7	2010	62
4	8	2010	64
4	9	2010	63.8
4	10	2010	71.5
4	11	2010	73
4	12	2010	77.6
4	13	2010	63.2
4	14	2010	67.5
4	15	2010	58.8
4	16	2010	62.4
4	17	2010	71.9
4	18	2010	70.3
4	19	2010	77.7
4	20	2010	78
4	21	2010	81.3
4	22	2010	74.4
4	23	2010	63.4
4	24	2010	64.4
4	25	2010	71.8
4	26	2010	71.4
4	27	2010	67.9
4	28	2010	69
4	29	2010	71.7
4	30	2010	74.6
5	1	2010	77.7
5	2	2010	78.6
5	3	2010	79.9
5	4	2010	80.6
5	5	2010	82.2
5	6	2010	78
5	7	2010	72.7
5	8	2010	74.6
5	9	2010	76.2
5	10	2010	68.1
5	11	2010	71.4
5	12	2010	74.3
5	13	2010	77.5
5	14	2010	73.2
5	15	2010	75
5	16	2010	78.2
5	17	2010	80.8
5	18	2010	84.1
5	19	2010	84.2
5	20	2010	81.8
5	21	2010	84.1
5	22	2010	85.7
5	23	2010	75
5	24	2010	76.9
5	25	2010	82.1
5	26	2010	82.4
5	27	2010	77.3
5	28	2010	81.2
5	29	2010	73.9
5	30	2010	70.1
5	31	2010	73.6
6	1	2010	74.1
6	2	2010	70.2
6	3	2010	74.4
6	4	2010	74.4
6	5	2010	71.8
6	6	2010	73.3
6	7	2010	75.4
6	8	2010	78
6	9	2010	81.7
6	10	2010	78.7
6	11	2010	73.9
6	12	2010	73.9
6	13	2010	76.8
6	14	2010	78
6	15	2010	79.1
6	16	2010	82.2
6	17	2010	83.8
6	18	2010	86.2
6	19	2010	86
6	20	2010	86.4
6	21	2010	82.9
6	22	2010	82.5
6	23	2010	81.5
6	24	2010	82.6
6	25	2010	80.1
6	26	2010	82.9
6	27	2010	83.2
6	28	2010	85.1
6	29	2010	83.1
6	30	2010	86.5
7	1	2010	87.1
7	2	2010	89.1
7	3	2010	91.7
7	4	2010	90.6
7	5	2010	91.3
7	6	2010	91.2
7	7	2010	90.1
7	8	2010	87.8
7	9	2010	88.1
7	10	2010	87
7	11	2010	87.2
7	12	2010	85.7
7	13	2010	85.2
7	14	2010	85.7
7	15	2010	85
7	16	2010	86.5
7	17	2010	86.9
7	18	2010	87.2
7	19	2010	87.1
7	20	2010	86
7	21	2010	87.6
7	22	2010	87.6
7	23	2010	86.1
7	24	2010	82.1
7	25	2010	84
7	26	2010	84.9
7	27	2010	82.6
7	28	2010	82.2
7	29	2010	85.7
7	30	2010	84.6
7	31	2010	86.4
8	1	2010	87.2
8	2	2010	89.7
8	3	2010	89.2
8	4	2010	88.8
8	5	2010	87.2
8	6	2010	84.3
8	7	2010	83.8
8	8	2010	84.1
8	9	2010	86
8	10	2010	89.1
8	11	2010	86.9
8	12	2010	83.5
8	13	2010	87.5
8	14	2010	84.2
8	15	2010	86.1
8	16	2010	83.2
8	17	2010	86.7
8	18	2010	86.3
8	19	2010	86.5
8	20	2010	86
8	21	2010	86.5
8	22	2010	87.4
8	23	2010	87
8	24	2010	87.3
8	25	2010	86.9
8	26	2010	85.8
8	27	2010	85.6
8	28	2010	86.4
8	29	2010	84.1
8	30	2010	78
8	31	2010	78.1
9	1	2010	84.3
9	2	2010	86.6
9	3	2010	85.6
9	4	2010	85.3
9	5	2010	84.7
9	6	2010	86.5
9	7	2010	85.7
9	8	2010	86.2
9	9	2010	82
9	10	2010	85.2
9	11	2010	83.7
9	12	2010	84.7
9	13	2010	85.8
9	14	2010	82.9
9	15	2010	84.9
9	16	2010	84.7
9	17	2010	83.8
9	18	2010	83.9
9	19	2010	82.9
9	20	2010	82.9
9	21	2010	86.1
9	22	2010	85
9	23	2010	80.3
9	24	2010	76
9	25	2010	82.1
9	26	2010	84.2
9	27	2010	83.6
9	28	2010	82
9	29	2010	82
9	30	2010	79
10	1	2010	81.6
10	2	2010	84.4
10	3	2010	79.4
10	4	2010	75
10	5	2010	75.4
10	6	2010	77.2
10	7	2010	80.1
10	8	2010	75.1
10	9	2010	76.1
10	10	2010	77.6
10	11	2010	82.1
10	12	2010	82.5
10	13	2010	82
10	14	2010	80.2
10	15	2010	75.4
10	16	2010	76.8
10	17	2010	76.7
10	18	2010	75.3
10	19	2010	76.8
10	20	2010	76.8
10	21	2010	74.7
10	22	2010	78.9
10	23	2010	81.9
10	24	2010	80.1
10	25	2010	75.7
10	26	2010	65.2
10	27	2010	63.9
10	28	2010	64.6
10	29	2010	66
10	30	2010	65.2
10	31	2010	67.6
11	1	2010	70.2
11	2	2010	71.1
11	3	2010	68.7
11	4	2010	69.4
11	5	2010	70.9
11	6	2010	72.1
11	7	2010	72.1
11	8	2010	69.3
11	9	2010	65.5
11	10	2010	69.7
11	11	2010	72.1
11	12	2010	73.9
11	13	2010	72
11	14	2010	73.2
11	15	2010	67.1
11	16	2010	66.5
11	17	2010	66.8
11	18	2010	70
11	19	2010	69.9
11	20	2010	70.7
11	21	2010	72.8
11	22	2010	69
11	23	2010	65.2
11	24	2010	68.8
11	25	2010	64.6
11	26	2010	66.1
11	27	2010	70.3
11	28	2010	70.7
11	29	2010	72.1
11	30	2010	68.5
12	1	2010	72.1
12	2	2010	70
12	3	2010	67.1
12	4	2010	71.8
12	5	2010	71.6
12	6	2010	68.9
12	7	2010	57.3
12	8	2010	56.5
12	9	2010	60
12	10	2010	64.5
12	11	2010	68.2
12	12	2010	72
12	13	2010	73.6
12	14	2010	65.4
12	15	2010	59.4
12	16	2010	50.5
12	17	2010	53.1
12	18	2010	62.3
12	19	2010	64.6
12	20	2010	66.2
12	21	2010	65.5
12	22	2010	61.9
12	23	2010	66.6
12	24	2010	62.2
12	25	2010	55.7
12	26	2010	49
12	27	2010	54.6
12	28	2010	59.7
12	29	2010	64.6
12	30	2010	57.5
12	31	2010	51.8
1	1	2011	53.1
1	2	2011	57.7
1	3	2011	55.4
1	4	2011	56.2
1	5	2011	63.2
1	6	2011	53.8
1	7	2011	54
1	8	2011	60.6
1	9	2011	56.2
1	10	2011	53.5
1	11	2011	50.2
1	12	2011	52.2
1	13	2011	59.6
1	14	2011	63.7
1	15	2011	51.4
1	16	2011	48.2
1	17	2011	54.8
1	18	2011	63
1	19	2011	63
1	20	2011	61.4
1	21	2011	57.7
1	22	2011	59.7
1	23	2011	59.9
1	24	2011	54.9
1	25	2011	58.4
1	26	2011	60.1
1	27	2011	62.1
1	28	2011	58.6
1	29	2011	51.6
1	30	2011	51.3
1	31	2011	52.6
2	1	2011	60.7
2	2	2011	59
2	3	2011	63.2
2	4	2011	61.8
2	5	2011	61.3
2	6	2011	64.6
2	7	2011	68.5
2	8	2011	67.1
2	9	2011	65
2	10	2011	63.5
2	11	2011	55.8
2	12	2011	55
2	13	2011	58.6
2	14	2011	51.4
2	15	2011	56.3
2	16	2011	61.8
2	17	2011	62.7
2	18	2011	59.5
2	19	2011	58.9
2	20	2011	57.7
2	21	2011	58
2	22	2011	63.1
2	23	2011	65.6
2	24	2011	64.9
2	25	2011	66.4
2	26	2011	71.2
2	27	2011	69.7
2	28	2011	66.3
3	1	2011	60.9
3	2	2011	56.8
3	3	2011	56.2
3	4	2011	55.9
3	5	2011	62.6
3	6	2011	62.9
3	7	2011	55.2
3	8	2011	58.4
3	9	2011	63
3	10	2011	57.7
3	11	2011	58.9
3	12	2011	58.7
3	13	2011	67.5
3	14	2011	70.8
3	15	2011	57.3
3	16	2011	55.9
3	17	2011	61.8
3	18	2011	66.1
3	19	2011	67.1
3	20	2011	75.5
3	21	2011	69.3
3	22	2011	56.7
3	23	2011	56.7
3	24	2011	56.4
3	25	2011	56.8
3	26	2011	54.3
3	27	2011	53
3	28	2011	59.1
3	29	2011	63.7
3	30	2011	62.2
3	31	2011	66.6
4	1	2011	71.5
4	2	2011	72.8
4	3	2011	67.9
4	4	2011	58
4	5	2011	59.1
4	6	2011	68.7
4	7	2011	70.5
4	8	2011	69.8
4	9	2011	70.1
4	10	2011	73
4	11	2011	66.6
4	12	2011	67.6
4	13	2011	73
4	14	2011	74.4
4	15	2011	77.3
4	16	2011	71.7
4	17	2011	64.9
4	18	2011	69.8
4	19	2011	65.9
4	20	2011	68.7
4	21	2011	73.2
4	22	2011	70.3
4	23	2011	63.2
4	24	2011	74.6
4	25	2011	73.8
4	26	2011	76.3
4	27	2011	79.5
4	28	2011	74.4
4	29	2011	77.3
4	30	2011	77.4
5	1	2011	78
5	2	2011	74.7
5	3	2011	70.8
5	4	2011	71.3
5	5	2011	73.9
5	6	2011	76.4
5	7	2011	80.1
5	8	2011	82.3
5	9	2011	83.7
5	10	2011	83.9
5	11	2011	87.3
5	12	2011	77.6
5	13	2011	71
5	14	2011	69.8
5	15	2011	72.3
5	16	2011	69.5
5	17	2011	71.2
5	18	2011	78.3
5	19	2011	78.3
5	20	2011	78.4
5	21	2011	80.7
5	22	2011	80.4
5	23	2011	76.6
5	24	2011	72.3
5	25	2011	74
5	26	2011	79.3
5	27	2011	74
5	28	2011	68.8
5	29	2011	71.3
5	30	2011	77
5	31	2011	82.2
6	1	2011	79.3
6	2	2011	76.9
6	3	2011	78.4
6	4	2011	81.7
6	5	2011	85.4
6	6	2011	88.2
6	7	2011	88.4
6	8	2011	86.5
6	9	2011	84.8
6	10	2011	82.6
6	11	2011	83.2
6	12	2011	84.8
6	13	2011	83.9
6	14	2011	86.8
6	15	2011	86.6
6	16	2011	85.4
6	17	2011	85.8
6	18	2011	86.1
6	19	2011	86.4
6	20	2011	86.9
6	21	2011	84.1
6	22	2011	86.6
6	23	2011	88.3
6	24	2011	81.4
6	25	2011	82.8
6	26	2011	82.7
6	27	2011	85.3
6	28	2011	80.1
6	29	2011	80.3
6	30	2011	84.5
7	1	2011	84.4
7	2	2011	86
7	3	2011	86.8
7	4	2011	87.4
7	5	2011	86.8
7	6	2011	85.5
7	7	2011	86.8
7	8	2011	89.1
7	9	2011	84.5
7	10	2011	83.4
7	11	2011	86
7	12	2011	85.8
7	13	2011	82.1
7	14	2011	83.5
7	15	2011	81.3
7	16	2011	81.8
7	17	2011	82.6
7	18	2011	82.6
7	19	2011	86.6
7	20	2011	86.9
7	21	2011	86.2
7	22	2011	87
7	23	2011	88.5
7	24	2011	88.5
7	25	2011	85.8
7	26	2011	84.1
7	27	2011	87.3
7	28	2011	87.8
7	29	2011	88
7	30	2011	87.1
7	31	2011	87
8	1	2011	87.1
8	2	2011	86.4
8	3	2011	85.7
8	4	2011	87.6
8	5	2011	84.7
8	6	2011	87.4
8	7	2011	84.9
8	8	2011	84.3
8	9	2011	84.1
8	10	2011	84
8	11	2011	83.7
8	12	2011	82.7
8	13	2011	83.2
8	14	2011	84.2
8	15	2011	86.7
8	16	2011	88
8	17	2011	88.5
8	18	2011	88
8	19	2011	87.1
8	20	2011	87
8	21	2011	83.6
8	22	2011	85.8
8	23	2011	85.2
8	24	2011	84.7
8	25	2011	85
8	26	2011	84.6
8	27	2011	83.1
8	28	2011	82.3
8	29	2011	83.7
8	30	2011	83.1
8	31	2011	83.7
9	1	2011	83.8
9	2	2011	81.8
9	3	2011	82.1
9	4	2011	81.6
9	5	2011	79.9
9	6	2011	80.6
9	7	2011	81.8
9	8	2011	83.1
9	9	2011	85.2
9	10	2011	84.8
9	11	2011	83.8
9	12	2011	82.7
9	13	2011	82.6
9	14	2011	82.3
9	15	2011	82.2
9	16	2011	82.8
9	17	2011	82.8
9	18	2011	81.1
9	19	2011	76.6
9	20	2011	75.7
9	21	2011	75
9	22	2011	74.9
9	23	2011	74.7
9	24	2011	79.5
9	25	2011	82.2
9	26	2011	80.7
9	27	2011	83.5
9	28	2011	85.1
9	29	2011	86.2
9	30	2011	81
10	1	2011	76.5
10	2	2011	74.8
10	3	2011	72.3
10	4	2011	73.4
10	5	2011	75.1
10	6	2011	74.9
10	7	2011	76.8
10	8	2011	77.8
10	9	2011	77.8
10	10	2011	80
10	11	2011	80.9
10	12	2011	78.1
10	13	2011	78
10	14	2011	78
10	15	2011	75.5
10	16	2011	74.3
10	17	2011	75.3
10	18	2011	73.8
10	19	2011	73.2
10	20	2011	73.9
10	21	2011	75.3
10	22	2011	73.5
10	23	2011	75.9
10	24	2011	78.4
10	25	2011	68.6
10	26	2011	69.8
10	27	2011	73.5
10	28	2011	74.6
10	29	2011	72.7
10	30	2011	73.2
10	31	2011	72
11	1	2011	75.1
11	2	2011	78.6
11	3	2011	79.6
11	4	2011	81.1
11	5	2011	79.8
11	6	2011	77.8
11	7	2011	74.2
11	8	2011	73.4
11	9	2011	69.4
11	10	2011	67.1
11	11	2011	67.5
11	12	2011	69.3
11	13	2011	69.7
11	14	2011	71.5
11	15	2011	72.8
11	16	2011	77
11	17	2011	74.6
11	18	2011	75.6
11	19	2011	71.4
11	20	2011	67.7
11	21	2011	70.4
11	22	2011	72.7
11	23	2011	66.7
11	24	2011	65.5
11	25	2011	71.4
11	26	2011	72.2
11	27	2011	73.6
11	28	2011	73.9
11	29	2011	74.6
11	30	2011	73.1
12	1	2011	64.3
12	2	2011	58.6
12	3	2011	60.8
12	4	2011	67.7
12	5	2011	67.1
12	6	2011	73.5
12	7	2011	73.8
12	8	2011	62.2
12	9	2011	57.2
12	10	2011	57.7
12	11	2011	60
12	12	2011	63.3
12	13	2011	65.8
12	14	2011	66.3
12	15	2011	62.9
12	16	2011	57.4
12	17	2011	58.8
12	18	2011	62.6
12	19	2011	62
12	20	2011	66.2
12	21	2011	64.4
12	22	2011	57.2
12	23	2011	56.2
12	24	2011	54.2
12	25	2011	59.1
12	26	2011	60.4
12	27	2011	60.9
12	28	2011	65.4
12	29	2011	63.1
12	30	2011	58.2
12	31	2011	59.3
1	1	2012	59.5
1	2	2012	60.7
1	3	2012	59.5
1	4	2012	50.5
1	5	2012	56.2
1	6	2012	60.1
1	7	2012	61.6
1	8	2012	63.9
1	9	2012	62.5
1	10	2012	64.1
1	11	2012	59.8
1	12	2012	62.9
1	13	2012	65.1
1	14	2012	68
1	15	2012	64.5
1	16	2012	61.1
1	17	2012	63.5
1	18	2012	67.4
1	19	2012	65.2
1	20	2012	61.9
1	21	2012	59.8
1	22	2012	55
1	23	2012	54
1	24	2012	56.2
1	25	2012	51.8
1	26	2012	57.7
1	27	2012	61.6
1	28	2012	61.9
1	29	2012	62.3
1	30	2012	62
1	31	2012	57.8
2	1	2012	61.4
2	2	2012	55.2
2	3	2012	55.3
2	4	2012	64.9
2	5	2012	67
2	6	2012	70.2
2	7	2012	53.3
2	8	2012	50.6
2	9	2012	56.7
2	10	2012	60
2	11	2012	62.5
2	12	2012	68.1
2	13	2012	69.4
2	14	2012	68.5
2	15	2012	63.1
2	16	2012	59.2
2	17	2012	55.4
2	18	2012	53.1
2	19	2012	56.2
2	20	2012	66.4
2	21	2012	68.6
2	22	2012	69.9
2	23	2012	65.8
2	24	2012	64.4
2	25	2012	57.1
2	26	2012	54.9
2	27	2012	58
2	28	2012	58.3
2	29	2012	63.5
3	1	2012	65.5
3	2	2012	66.3
3	3	2012	66.4
3	4	2012	65.8
3	5	2012	69.3
3	6	2012	70.2
3	7	2012	60.3
3	8	2012	59.1
3	9	2012	56.8
3	10	2012	56
3	11	2012	56.9
3	12	2012	56.9
3	13	2012	59.5
3	14	2012	61.9
3	15	2012	62.7
3	16	2012	72.8
3	17	2012	77.4
3	18	2012	71.1
3	19	2012	64.6
3	20	2012	63
3	21	2012	65.5
3	22	2012	73.1
3	23	2012	66.8
3	24	2012	54
3	25	2012	63.2
3	26	2012	69.6
3	27	2012	70.6
3	28	2012	73.3
3	29	2012	71.6
3	30	2012	74.1
3	31	2012	62.8
4	1	2012	69.3
4	2	2012	75.3
4	3	2012	67.4
4	4	2012	72.3
4	5	2012	65.7
4	6	2012	64.4
4	7	2012	70.9
4	8	2012	71.8
4	9	2012	70.9
4	10	2012	77.8
4	11	2012	78.1
4	12	2012	79.7
4	13	2012	80
4	14	2012	70.7
4	15	2012	74.2
4	16	2012	66.1
4	17	2012	68.8
4	18	2012	73.4
4	19	2012	75.3
4	20	2012	76.3
4	21	2012	76.4
4	22	2012	71.3
4	23	2012	78
4	24	2012	78.6
4	25	2012	79.3
4	26	2012	65.1
4	27	2012	69.3
4	28	2012	74.8
4	29	2012	77.3
4	30	2012	83.7
5	1	2012	85.9
5	2	2012	79.5
5	3	2012	73.3
5	4	2012	68.9
5	5	2012	73.1
5	6	2012	75.3
5	7	2012	80.4
5	8	2012	86.6
5	9	2012	76.9
5	10	2012	71.8
5	11	2012	76.7
5	12	2012	79.8
5	13	2012	82.5
5	14	2012	84.9
5	15	2012	83
5	16	2012	79.7
5	17	2012	73
5	18	2012	77.8
5	19	2012	77.7
5	20	2012	73.8
5	21	2012	74.4
5	22	2012	75.1
5	23	2012	79.5
5	24	2012	80.8
5	25	2012	81
5	26	2012	78.7
5	27	2012	76
5	28	2012	75.9
5	29	2012	81.2
5	30	2012	81.4
5	31	2012	75.7
6	1	2012	76.8
6	2	2012	77.1
6	3	2012	77.2
6	4	2012	78.4
6	5	2012	79.8
6	6	2012	82.8
6	7	2012	86.7
6	8	2012	86.2
6	9	2012	87
6	10	2012	87.6
6	11	2012	83.8
6	12	2012	75.9
6	13	2012	80.2
6	14	2012	78.7
6	15	2012	80.8
6	16	2012	79.6
6	17	2012	85.2
6	18	2012	84
6	19	2012	80.1
6	20	2012	77.8
6	21	2012	76.2
6	22	2012	80.7
6	23	2012	82.8
6	24	2012	83.6
6	25	2012	82.6
6	26	2012	83.4
6	27	2012	84.3
6	28	2012	86.4
6	29	2012	85.5
6	30	2012	85.2
7	1	2012	85.5
7	2	2012	85.8
7	3	2012	86.1
7	4	2012	87.5
7	5	2012	87.6
7	6	2012	85.8
7	7	2012	86.1
7	8	2012	87.7
7	9	2012	90
7	10	2012	90.3
7	11	2012	88.9
7	12	2012	89.3
7	13	2012	89.7
7	14	2012	88
7	15	2012	85.8
7	16	2012	82.9
7	17	2012	86.9
7	18	2012	87.9
7	19	2012	87
7	20	2012	88.9
7	21	2012	88.7
7	22	2012	85.8
7	23	2012	86
7	24	2012	85.9
7	25	2012	85.6
7	26	2012	81.4
7	27	2012	87
7	28	2012	87.6
7	29	2012	86.2
7	30	2012	82.9
7	31	2012	82.8
8	1	2012	81.1
8	2	2012	79.9
8	3	2012	82
8	4	2012	84.5
8	5	2012	84.1
8	6	2012	82.4
8	7	2012	86.8
8	8	2012	87.2
8	9	2012	82.3
8	10	2012	85.2
8	11	2012	84.6
8	12	2012	82.2
8	13	2012	83.5
8	14	2012	86.5
8	15	2012	86.3
8	16	2012	85.9
8	17	2012	81.7
8	18	2012	85.4
8	19	2012	85.3
8	20	2012	85.3
8	21	2012	85.4
8	22	2012	83.4
8	23	2012	84
8	24	2012	83.9
8	25	2012	83.3
8	26	2012	82.9
8	27	2012	85.8
8	28	2012	82.3
8	29	2012	83.4
8	30	2012	79.9
8	31	2012	81.5
9	1	2012	83.8
9	2	2012	84.9
9	3	2012	83.5
9	4	2012	84.4
9	5	2012	85.7
9	6	2012	85.9
9	7	2012	83.9
9	8	2012	84.9
9	9	2012	84.7
9	10	2012	84.9
9	11	2012	84.1
9	12	2012	84.4
9	13	2012	83.2
9	14	2012	78.7
9	15	2012	76.7
9	16	2012	74.3
9	17	2012	74.5
9	18	2012	77.1
9	19	2012	73.6
9	20	2012	76.3
9	21	2012	81.3
9	22	2012	82.3
9	23	2012	79.5
9	24	2012	77.5
9	25	2012	78.5
9	26	2012	79.2
9	27	2012	79.2
9	28	2012	76.4
9	29	2012	71.2
9	30	2012	71.8
10	1	2012	72.6
10	2	2012	73.8
10	3	2012	72.8
10	4	2012	75.2
10	5	2012	75.7
10	6	2012	75.6
10	7	2012	74.2
10	8	2012	75.1
10	9	2012	76.1
10	10	2012	74.9
10	11	2012	73
10	12	2012	72.3
10	13	2012	74
10	14	2012	75.3
10	15	2012	74.2
10	16	2012	75.7
10	17	2012	72.6
10	18	2012	69.9
10	19	2012	71.6
10	20	2012	75
10	21	2012	77.4
10	22	2012	76.8
10	23	2012	71.7
10	24	2012	76
10	25	2012	79.3
10	26	2012	78.9
10	27	2012	81
10	28	2012	75
10	29	2012	74.6
10	30	2012	71.1
10	31	2012	67
11	1	2012	68
11	2	2012	73
11	3	2012	76
11	4	2012	72.8
11	5	2012	69.9
11	6	2012	68.7
11	7	2012	70.7
11	8	2012	73.8
11	9	2012	74.3
11	10	2012	76
11	11	2012	66
11	12	2012	67.5
11	13	2012	70.5
11	14	2012	73.1
11	15	2012	71.7
11	16	2012	75.7
11	17	2012	64.6
11	18	2012	63.6
11	19	2012	68.7
11	20	2012	72.6
11	21	2012	71.5
11	22	2012	72.9
11	23	2012	66
11	24	2012	65.4
11	25	2012	75.2
11	26	2012	59.4
11	27	2012	61.6
11	28	2012	67.9
11	29	2012	65.5
11	30	2012	66.9
12	1	2012	68.3
12	2	2012	64.6
12	3	2012	63.9
12	4	2012	64.2
12	5	2012	62.2
12	6	2012	61.9
12	7	2012	69.7
12	8	2012	62.1
12	9	2012	58.5
12	10	2012	61.5
12	11	2012	60
12	12	2012	61.6
12	13	2012	67.2
12	14	2012	69.5
12	15	2012	72.5
12	16	2012	70
12	17	2012	67.3
12	18	2012	56.8
12	19	2012	59.8
12	20	2012	67.5
12	21	2012	69.6
12	22	2012	59.5
12	23	2012	53.9
12	24	2012	60.5
12	25	2012	68.4
12	26	2012	68
12	27	2012	69
12	28	2012	67.4
12	29	2012	67.9
12	30	2012	48.4
12	31	2012	53.4
1	1	2013	57.1
1	2	2013	64
1	3	2013	56.8
1	4	2013	60.7
1	5	2013	62.5
1	6	2013	65.5
1	7	2013	66.4
1	8	2013	60.6
1	9	2013	57.5
1	10	2013	57.3
1	11	2013	65.5
1	12	2013	64.9
1	13	2013	59.5
1	14	2013	57.5
1	15	2013	62.3
1	16	2013	63.5
1	17	2013	55.4
1	18	2013	55.1
1	19	2013	63.9
1	20	2013	67
1	21	2013	69.9
1	22	2013	65.8
1	23	2013	62.8
1	24	2013	65.9
1	25	2013	59.7
1	26	2013	61
1	27	2013	57.4
1	28	2013	60.2
1	29	2013	60.3
1	30	2013	62.5
1	31	2013	66.4
2	1	2013	69.3
2	2	2013	71.8
2	3	2013	67
2	4	2013	73.9
2	5	2013	67.2
2	6	2013	66.6
2	7	2013	65.6
2	8	2013	56.6
2	9	2013	59.3
2	10	2013	62.7
2	11	2013	65.5
2	12	2013	60.6
2	13	2013	63.7
2	14	2013	64.1
2	15	2013	60.8
2	16	2013	65.1
2	17	2013	69.2
2	18	2013	71.8
2	19	2013	60
2	20	2013	60.4
2	21	2013	65.1
2	22	2013	60.7
2	23	2013	62.7
2	24	2013	67.3
2	25	2013	69
2	26	2013	72.3
2	27	2013	65.1
2	28	2013	69.8
3	1	2013	66.7
3	2	2013	54.9
3	3	2013	53.3
3	4	2013	59.4
3	5	2013	65.5
3	6	2013	67.1
3	7	2013	65.8
3	8	2013	69.1
3	9	2013	71.2
3	10	2013	69.3
3	11	2013	65.2
3	12	2013	69.7
3	13	2013	68.2
3	14	2013	59.9
3	15	2013	62.7
3	16	2013	69.5
3	17	2013	73.2
3	18	2013	75.1
3	19	2013	75.5
3	20	2013	71.6
3	21	2013	68
3	22	2013	75.9
3	23	2013	74.9
3	24	2013	69.6
3	25	2013	64.4
3	26	2013	69.1
3	27	2013	65
3	28	2013	66.2
3	29	2013	63.9
3	30	2013	66.7
3	31	2013	66.9
4	1	2013	69.6
4	2	2013	65
4	3	2013	68.2
4	4	2013	70.3
4	5	2013	71.7
4	6	2013	62.3
4	7	2013	62
4	8	2013	69.7
4	9	2013	65.2
4	10	2013	65.5
4	11	2013	60.9
4	12	2013	59.6
4	13	2013	66.2
4	14	2013	62.8
4	15	2013	74.5
4	16	2013	75.6
4	17	2013	79.5
4	18	2013	78
4	19	2013	70.4
4	20	2013	68.3
4	21	2013	61.5
4	22	2013	69.1
4	23	2013	76.9
4	24	2013	75.4
4	25	2013	69
4	26	2013	70.8
4	27	2013	70
4	28	2013	72.2
4	29	2013	78.4
4	30	2013	76.9
5	1	2013	62.5
5	2	2013	67.9
5	3	2013	71.2
5	4	2013	74.1
5	5	2013	76.9
5	6	2013	76.9
5	7	2013	79.2
5	8	2013	78.8
5	9	2013	80.3
5	10	2013	79.6
5	11	2013	71.2
5	12	2013	72.9
5	13	2013	75.8
5	14	2013	79.4
5	15	2013	78.2
5	16	2013	79.6
5	17	2013	79.9
5	18	2013	80.2
5	19	2013	81.7
5	20	2013	79.8
5	21	2013	78.2
5	22	2013	78.1
5	23	2013	79.7
5	24	2013	78.2
5	25	2013	80.2
5	26	2013	81.1
5	27	2013	85
5	28	2013	85
5	29	2013	84.1
5	30	2013	85.9
5	31	2013	85.7
6	1	2013	86.5
6	2	2013	85.6
6	3	2013	80.9
6	4	2013	78.5
6	5	2013	78.5
6	6	2013	82
6	7	2013	83.4
6	8	2013	87.4
6	9	2013	82.4
6	10	2013	77.1
6	11	2013	78.7
6	12	2013	80.2
6	13	2013	82.9
6	14	2013	83.5
6	15	2013	85.2
6	16	2013	84.7
6	17	2013	84.3
6	18	2013	85.5
6	19	2013	85.4
6	20	2013	84.8
6	21	2013	87.3
6	22	2013	86.1
6	23	2013	84.1
6	24	2013	83.4
6	25	2013	87.7
6	26	2013	88.3
6	27	2013	88.6
6	28	2013	87.7
6	29	2013	86.6
6	30	2013	85
7	1	2013	87.2
7	2	2013	85.5
7	3	2013	86.4
7	4	2013	86.5
7	5	2013	84.1
7	6	2013	82.5
7	7	2013	82.3
7	8	2013	85.8
7	9	2013	85.3
7	10	2013	84.4
7	11	2013	84
7	12	2013	84.2
7	13	2013	80.5
7	14	2013	85.1
7	15	2013	83.5
7	16	2013	85.4
7	17	2013	86.1
7	18	2013	83.2
7	19	2013	84.4
7	20	2013	85.8
7	21	2013	86.1
7	22	2013	87.2
7	23	2013	87.1
7	24	2013	87.3
7	25	2013	84.9
7	26	2013	84.2
7	27	2013	85.9
7	28	2013	86.5
7	29	2013	88.4
7	30	2013	88.2
7	31	2013	85.8
8	1	2013	87
8	2	2013	85.3
8	3	2013	87.6
8	4	2013	88.7
8	5	2013	88.6
8	6	2013	87.4
8	7	2013	88.2
8	8	2013	89
8	9	2013	87.9
8	10	2013	87
8	11	2013	88.2
8	12	2013	89.8
8	13	2013	89
8	14	2013	82.9
8	15	2013	80.5
8	16	2013	83.4
8	17	2013	83.3
8	18	2013	85.2
8	19	2013	86.6
8	20	2013	81
8	21	2013	80.5
8	22	2013	82.1
8	23	2013	82
8	24	2013	83
8	25	2013	84.7
8	26	2013	86.4
8	27	2013	86.8
8	28	2013	85.2
8	29	2013	79.7
8	30	2013	83.1
8	31	2013	78.5
9	1	2013	73.5
9	2	2013	77.5
9	3	2013	79.7
9	4	2013	78.1
9	5	2013	81.6
9	6	2013	84.3
9	7	2013	82.3
9	8	2013	82.6
9	9	2013	83.5
9	10	2013	85.6
9	11	2013	85.6
9	12	2013	87
9	13	2013	86.1
9	14	2013	85.9
9	15	2013	82.2
9	16	2013	81.5
9	17	2013	81.6
9	18	2013	80.8
9	19	2013	81.9
9	20	2013	83.2
9	21	2013	82.5
9	22	2013	81.5
9	23	2013	82.5
9	24	2013	83
9	25	2013	81.4
9	26	2013	76.9
9	27	2013	78.4
9	28	2013	80
9	29	2013	81.5
9	30	2013	79.4
10	1	2013	78.9
10	2	2013	77.9
10	3	2013	74.4
10	4	2013	76.7
10	5	2013	77.7
10	6	2013	76.8
10	7	2013	80.6
10	8	2013	81.3
10	9	2013	77
10	10	2013	80.7
10	11	2013	79.3
10	12	2013	77
10	13	2013	78.3
10	14	2013	78.7
10	15	2013	76.1
10	16	2013	70.4
10	17	2013	72.7
10	18	2013	73.8
10	19	2013	75.9
10	20	2013	75.5
10	21	2013	72.1
10	22	2013	72.4
10	23	2013	71.9
10	24	2013	70.1
10	25	2013	68.7
10	26	2013	68.1
10	27	2013	69.9
10	28	2013	72.1
10	29	2013	75.4
10	30	2013	74.7
10	31	2013	73.6
11	1	2013	78
11	2	2013	78.3
11	3	2013	75.6
11	4	2013	70
11	5	2013	71.9
11	6	2013	74.7
11	7	2013	74.7
11	8	2013	79.2
11	9	2013	80.8
11	10	2013	78.5
11	11	2013	67.9
11	12	2013	68.9
11	13	2013	67.9
11	14	2013	74.3
11	15	2013	69.4
11	16	2013	66.2
11	17	2013	63.9
11	18	2013	62.1
11	19	2013	63.6
11	20	2013	68.8
11	21	2013	69.6
11	22	2013	68.9
11	23	2013	74.8
11	24	2013	72.3
11	25	2013	62.4
11	26	2013	68.1
11	27	2013	65.7
11	28	2013	56
11	29	2013	55.5
11	30	2013	61.8
12	1	2013	62.1
12	2	2013	62
12	3	2013	62.9
12	4	2013	64
12	5	2013	67
12	6	2013	66.3
12	7	2013	69.2
12	8	2013	72.3
12	9	2013	65.7
12	10	2013	60.9
12	11	2013	60.8
12	12	2013	63.7
12	13	2013	65.1
12	14	2013	67.8
12	15	2013	67.2
12	16	2013	67.7
12	17	2013	61.1
12	18	2013	57.7
12	19	2013	56.2
12	20	2013	54.5
12	21	2013	54.8
12	22	2013	57.9
12	23	2013	59
12	24	2013	57.9
12	25	2013	60.8
12	26	2013	56.1
12	27	2013	51.6
12	28	2013	55.3
12	29	2013	53.7
12	30	2013	59.1
12	31	2013	60.9
1	1	2014	65.2
1	2	2014	68.7
1	3	2014	67.5
1	4	2014	60.6
1	5	2014	59.8
1	6	2014	65.1
1	7	2014	66.7
1	8	2014	62
1	9	2014	55.3
1	10	2014	60
1	11	2014	66.2
1	12	2014	62.3
1	13	2014	59.8
1	14	2014	56.8
1	15	2014	57.2
1	16	2014	58.2
1	17	2014	61.1
1	18	2014	57.5
1	19	2014	59.4
1	20	2014	61
1	21	2014	53.2
1	22	2014	54.3
1	23	2014	58.6
1	24	2014	62.5
1	25	2014	65.7
1	26	2014	60.9
1	27	2014	61.9
1	28	2014	66.4
1	29	2014	66.1
1	30	2014	65.5
1	31	2014	69.7
2	1	2014	64.8
2	2	2014	71.3
2	3	2014	67.8
2	4	2014	58.2
2	5	2014	64.2
2	6	2014	61
2	7	2014	61
2	8	2014	57.1
2	9	2014	54.7
2	10	2014	49.9
2	11	2014	48.4
2	12	2014	54.6
2	13	2014	56.5
2	14	2014	54
2	15	2014	58.7
2	16	2014	63
2	17	2014	69.2
2	18	2014	60.3
2	19	2014	53.4
2	20	2014	52.8
2	21	2014	59.6
2	22	2014	63.1
2	23	2014	66.9
2	24	2014	66.9
2	25	2014	69
2	26	2014	67.2
2	27	2014	66.6
2	28	2014	70
3	1	2014	66.8
3	2	2014	58.2
3	3	2014	60.4
3	4	2014	59.4
3	5	2014	57.6
3	6	2014	56.6
3	7	2014	60
3	8	2014	57.5
3	9	2014	56.8
3	10	2014	60.7
3	11	2014	65.9
3	12	2014	64.8
3	13	2014	58.3
3	14	2014	58.1
3	15	2014	65.5
3	16	2014	65.6
3	17	2014	69.3
3	18	2014	74
3	19	2014	75.9
3	20	2014	59.4
3	21	2014	57.7
3	22	2014	62.4
3	23	2014	67.5
3	24	2014	69.8
3	25	2014	74.5
3	26	2014	76.4
3	27	2014	76.1
3	28	2014	78.5
3	29	2014	78.4
3	30	2014	70.9
3	31	2014	69.8
4	1	2014	64.6
4	2	2014	66.5
4	3	2014	65.2
4	4	2014	64.4
4	5	2014	71.5
4	6	2014	68.1
4	7	2014	67.4
4	8	2014	71.4
4	9	2014	70.7
4	10	2014	73
4	11	2014	77.1
4	12	2014	78.3
4	13	2014	74.8
4	14	2014	66.8
4	15	2014	74.1
4	16	2014	76
4	17	2014	77.9
4	18	2014	79.5
4	19	2014	78.2
4	20	2014	70.8
4	21	2014	74
4	22	2014	68.7
4	23	2014	69.1
4	24	2014	71.8
4	25	2014	74.5
4	26	2014	76.8
4	27	2014	76.1
4	28	2014	71.2
4	29	2014	71.7
4	30	2014	69.6
5	1	2014	69.9
5	2	2014	76.2
5	3	2014	72.9
5	4	2014	74.7
5	5	2014	64.4
5	6	2014	66.6
5	7	2014	71.4
5	8	2014	75.5
5	9	2014	75.1
5	10	2014	76.7
5	11	2014	81.7
5	12	2014	81
5	13	2014	79.3
5	14	2014	87.1
5	15	2014	77.3
5	16	2014	75.3
5	17	2014	82.8
5	18	2014	82.1
5	19	2014	78.7
5	20	2014	74.3
5	21	2014	67.6
5	22	2014	76.8
5	23	2014	76.9
5	24	2014	82
5	25	2014	83.5
5	26	2014	83.8
5	27	2014	82.2
5	28	2014	81.8
5	29	2014	78.3
5	30	2014	80.8
5	31	2014	82.5
6	1	2014	83.4
6	2	2014	87
6	3	2014	78.3
6	4	2014	81.4
6	5	2014	78.1
6	6	2014	77.1
6	7	2014	79.2
6	8	2014	79.4
6	9	2014	79.9
6	10	2014	79.2
6	11	2014	76.8
6	12	2014	78.8
6	13	2014	80.7
6	14	2014	84.7
6	15	2014	81.4
6	16	2014	83.2
6	17	2014	88
6	18	2014	84.3
6	19	2014	83.5
6	20	2014	82.3
6	21	2014	84.1
6	22	2014	82.7
6	23	2014	82.3
6	24	2014	82.5
6	25	2014	82.6
6	26	2014	86.3
6	27	2014	86.3
6	28	2014	85.4
6	29	2014	83.8
6	30	2014	84.4
7	1	2014	84.3
7	2	2014	87.7
7	3	2014	89.3
7	4	2014	87
7	5	2014	88.2
7	6	2014	89.6
7	7	2014	87.5
7	8	2014	82.9
7	9	2014	90.7
7	10	2014	87.5
7	11	2014	86.5
7	12	2014	89.4
7	13	2014	94
7	14	2014	85.8
7	15	2014	86.8
7	16	2014	88
7	17	2014	88.9
7	18	2014	87.6
7	19	2014	87.6
7	20	2014	88.1
7	21	2014	87.4
7	22	2014	83.6
7	23	2014	80.8
7	24	2014	86.1
7	25	2014	82.8
7	26	2014	86.5
7	27	2014	86.5
7	28	2014	86.8
7	29	2014	86.1
7	30	2014	86.7
7	31	2014	85.7
8	1	2014	89.1
8	2	2014	86.9
8	3	2014	85.9
8	4	2014	87
8	5	2014	84.2
8	6	2014	84.2
8	7	2014	85.6
8	8	2014	88.6
8	9	2014	87.2
8	10	2014	86.4
8	11	2014	84.8
8	12	2014	84.9
8	13	2014	82
8	14	2014	88.3
8	15	2014	87.3
8	16	2014	85.8
8	17	2014	85.8
8	18	2014	82.8
8	19	2014	81.3
8	20	2014	82.1
8	21	2014	85.5
8	22	2014	85.9
8	23	2014	84.4
8	24	2014	85.9
8	25	2014	85.9
8	26	2014	87.3
8	27	2014	87.4
8	28	2014	86.8
8	29	2014	87.9
8	30	2014	86.6
8	31	2014	85.1
9	1	2014	86.4
9	2	2014	87
9	3	2014	87
9	4	2014	85.6
9	5	2014	87.4
9	6	2014	86.5
9	7	2014	86.1
9	8	2014	87.1
9	9	2014	85.5
9	10	2014	83.9
9	11	2014	86.7
9	12	2014	85.5
9	13	2014	87
9	14	2014	86.4
9	15	2014	89.2
9	16	2014	89.1
9	17	2014	87.5
9	18	2014	87.2
9	19	2014	87.4
9	20	2014	88.6
9	21	2014	82.6
9	22	2014	81.3
9	23	2014	82
9	24	2014	80.4
9	25	2014	81.8
9	26	2014	80.4
9	27	2014	80
9	28	2014	80
9	29	2014	82
9	30	2014	82.5
10	1	2014	78.9
10	2	2014	78.7
10	3	2014	78.1
10	4	2014	77.4
10	5	2014	77.4
10	6	2014	75.4
10	7	2014	74.9
10	8	2014	75.7
10	9	2014	77.8
10	10	2014	78.2
10	11	2014	75.5
10	12	2014	73.6
10	13	2014	71.7
10	14	2014	69.5
10	15	2014	69.3
10	16	2014	71.7
10	17	2014	74.8
10	18	2014	76.3
10	19	2014	77.9
10	20	2014	81.4
10	21	2014	81.6
10	22	2014	73.3
10	23	2014	73.6
10	24	2014	74.5
10	25	2014	75.1
10	26	2014	80.1
10	27	2014	75.8
10	28	2014	74.5
10	29	2014	78.7
10	30	2014	78.3
10	31	2014	78.3
11	1	2014	78.5
11	2	2014	71.7
11	3	2014	68.3
11	4	2014	66.9
11	5	2014	69.3
11	6	2014	72.3
11	7	2014	72
11	8	2014	76.2
11	9	2014	70.1
11	10	2014	70.3
11	11	2014	71.3
11	12	2014	66.4
11	13	2014	64.3
11	14	2014	66.4
11	15	2014	68.7
11	16	2014	72.7
11	17	2014	66.3
11	18	2014	65.8
11	19	2014	68.6
11	20	2014	72.2
11	21	2014	73.2
11	22	2014	76.2
11	23	2014	76.9
11	24	2014	74.1
11	25	2014	72.7
11	26	2014	72.9
11	27	2014	73.9
11	28	2014	76.3
11	29	2014	79.6
11	30	2014	75.7
12	1	2014	60.6
12	2	2014	62.2
12	3	2014	69.7
12	4	2014	57.2
12	5	2014	57.7
12	6	2014	62.2
12	7	2014	68.3
12	8	2014	62.9
12	9	2014	66
12	10	2014	69.9
12	11	2014	61.1
12	12	2014	56.9
12	13	2014	58
12	14	2014	63.1
12	15	2014	65.8
12	16	2014	55.6
12	17	2014	53.7
12	18	2014	61.5
12	19	2014	61.9
12	20	2014	60.9
12	21	2014	57.3
12	22	2014	57.2
12	23	2014	65.7
12	24	2014	66.3
12	25	2014	61.8
12	26	2014	61.3
12	27	2014	60.5
12	28	2014	57.7
12	29	2014	55.3
12	30	2014	58.9
12	31	2014	62.4
1	1	2015	54.7
1	2	2015	56.7
1	3	2015	60.9
1	4	2015	63
1	5	2015	66
1	6	2015	66.7
1	7	2015	57.4
1	8	2015	56.7
1	9	2015	60.6
1	10	2015	62.5
1	11	2015	64.1
1	12	2015	62.4
1	13	2015	67.6
1	14	2015	60.2
1	15	2015	60
1	16	2015	62.8
1	17	2015	58.8
1	18	2015	62.1
1	19	2015	61
1	20	2015	65.5
1	21	2015	61.1
1	22	2015	56.1
1	23	2015	58.7
1	24	2015	65.2
1	25	2015	66.7
1	26	2015	65.2
1	27	2015	61.1
1	28	2015	58.6
1	29	2015	66.3
1	30	2015	59.7
1	31	2015	57
2	1	2015	60.8
2	2	2015	63.9
2	3	2015	61.3
2	4	2015	57.7
2	5	2015	53.1
2	6	2015	54.6
2	7	2015	63.2
2	8	2015	54.2
2	9	2015	52.8
2	10	2015	55.9
2	11	2015	60.6
2	12	2015	57.4
2	13	2015	64.8
2	14	2015	69.6
2	15	2015	67
2	16	2015	67.6
2	17	2015	65.7
2	18	2015	63
2	19	2015	62.2
2	20	2015	66.3
2	21	2015	70.1
2	22	2015	67.5
2	23	2015	65.5
2	24	2015	65.4
2	25	2015	69.5
2	26	2015	66.2
2	27	2015	67
2	28	2015	64
3	1	2015	56.1
3	2	2015	61.1
3	3	2015	67.5
3	4	2015	57.9
3	5	2015	62.4
3	6	2015	60.7
3	7	2015	62.4
3	8	2015	68.6
3	9	2015	60.6
3	10	2015	54.6
3	11	2015	55.4
3	12	2015	57.7
3	13	2015	67.7
3	14	2015	69.3
3	15	2015	72.7
3	16	2015	73
3	17	2015	76.6
3	18	2015	78.6
3	19	2015	76
3	20	2015	73.2
3	21	2015	67.2
3	22	2015	67.4
3	23	2015	61.8
3	24	2015	60
3	25	2015	60.9
3	26	2015	66.4
3	27	2015	61.5
3	28	2015	63.3
3	29	2015	73.3
3	30	2015	75.7
3	31	2015	78.3
4	1	2015	78.5
4	2	2015	79.2
4	3	2015	80.4
4	4	2015	80.2
4	5	2015	83.1
4	6	2015	79
4	7	2015	63.5
4	8	2015	59.5
4	9	2015	64
4	10	2015	61.4
4	11	2015	61.5
4	12	2015	63.7
4	13	2015	63.8
4	14	2015	64.2
4	15	2015	71
4	16	2015	74.4
4	17	2015	74.4
4	18	2015	79.3
4	19	2015	79.2
4	20	2015	74.2
4	21	2015	64.6
4	22	2015	67.8
4	23	2015	74.1
4	24	2015	73.7
4	25	2015	71.9
4	26	2015	77.1
4	27	2015	78.5
4	28	2015	78.1
4	29	2015	78.3
4	30	2015	73.8
5	1	2015	77.1
5	2	2015	81.2
5	3	2015	78.4
5	4	2015	68.6
5	5	2015	68.7
5	6	2015	76.5
5	7	2015	76.7
5	8	2015	79.5
5	9	2015	77.9
5	10	2015	79.2
5	11	2015	79.9
5	12	2015	70.1
5	13	2015	81.6
5	14	2015	81.7
5	15	2015	83.5
5	16	2015	84.6
5	17	2015	82.8
5	18	2015	86.1
5	19	2015	85
5	20	2015	73.5
5	21	2015	71.4
5	22	2015	77.4
5	23	2015	76.5
5	24	2015	75
5	25	2015	74.1
5	26	2015	74
5	27	2015	81.9
5	28	2015	87
5	29	2015	87.9
5	30	2015	88
5	31	2015	82
6	1	2015	82.6
6	2	2015	85.6
6	3	2015	86.6
6	4	2015	82
6	5	2015	84.3
6	6	2015	80.2
6	7	2015	80.9
6	8	2015	85.6
6	9	2015	86.8
6	10	2015	88
6	11	2015	89.4
6	12	2015	85.5
6	13	2015	84.1
6	14	2015	83
6	15	2015	84.7
6	16	2015	86.2
6	17	2015	88.4
6	18	2015	88.2
6	19	2015	86.8
6	20	2015	85.2
6	21	2015	83.9
6	22	2015	85.3
6	23	2015	84
6	24	2015	83.5
6	25	2015	89.5
6	26	2015	90.1
6	27	2015	89.6
6	28	2015	90.1
6	29	2015	89
6	30	2015	89.8
7	1	2015	89.9
7	2	2015	88.3
7	3	2015	86.5
7	4	2015	86.1
7	5	2015	88.5
7	6	2015	87.9
7	7	2015	89.5
7	8	2015	88.2
7	9	2015	83.9
7	10	2015	80.5
7	11	2015	87.3
7	12	2015	86.2
7	13	2015	85.9
7	14	2015	84.8
7	15	2015	85.3
7	16	2015	87.3
7	17	2015	85.5
7	18	2015	88.1
7	19	2015	83.9
7	20	2015	84
7	21	2015	86.5
7	22	2015	85.7
7	23	2015	82.2
7	24	2015	84.4
7	25	2015	86
7	26	2015	87.1
7	27	2015	84.8
7	28	2015	83.4
7	29	2015	84.9
7	30	2015	82.8
7	31	2015	84.8
8	1	2015	85.7
8	2	2015	85.1
8	3	2015	85.2
8	4	2015	84.6
8	5	2015	84.5
8	6	2015	85.7
8	7	2015	83.4
8	8	2015	82.2
8	9	2015	82.4
8	10	2015	84.7
8	11	2015	85
8	12	2015	85.3
8	13	2015	82.1
8	14	2015	83.1
8	15	2015	87
8	16	2015	83.8
8	17	2015	86.1
8	18	2015	82
8	19	2015	85.8
8	20	2015	86.4
8	21	2015	84.8
8	22	2015	83.1
8	23	2015	82.2
8	24	2015	85.8
8	25	2015	80.4
8	26	2015	80.3
8	27	2015	77.5
8	28	2015	78.1
8	29	2015	78.8
8	30	2015	79.2
8	31	2015	77.5
9	1	2015	79.8
9	2	2015	81.8
9	3	2015	84.5
9	4	2015	84.6
9	5	2015	86.4
9	6	2015	85.7
9	7	2015	77.1
9	8	2015	80.5
9	9	2015	79.5
9	10	2015	78.6
9	11	2015	80.4
9	12	2015	79.6
9	13	2015	79.2
9	14	2015	79.7
9	15	2015	82.5
9	16	2015	79
9	17	2015	78.3
9	18	2015	77.9
9	19	2015	79.5
9	20	2015	80.6
9	21	2015	81.4
9	22	2015	82.6
9	23	2015	85.2
9	24	2015	78.9
9	25	2015	80.8
9	26	2015	77.7
9	27	2015	76.3
9	28	2015	82
9	29	2015	84.2
9	30	2015	85.4
10	1	2015	83
10	2	2015	78.6
10	3	2015	85.1
10	4	2015	84.8
10	5	2015	83.7
10	6	2015	80.4
10	7	2015	79.6
10	8	2015	77.8
10	9	2015	72.4
10	10	2015	74.4
10	11	2015	70.7
10	12	2015	72.2
10	13	2015	72.2
10	14	2015	72.1
10	15	2015	75.1
10	16	2015	75.1
10	17	2015	75.4
10	18	2015	73.9
10	19	2015	77.2
10	20	2015	76.7
10	21	2015	75.1
10	22	2015	76.1
10	23	2015	76.8
10	24	2015	76.3
10	25	2015	76.2
10	26	2015	77.6
10	27	2015	78.1
10	28	2015	76.7
10	29	2015	79.2
10	30	2015	75.5
10	31	2015	71.4
11	1	2015	71.8
11	2	2015	68.8
11	3	2015	73
11	4	2015	77.2
11	5	2015	81.9
11	6	2015	81.9
11	7	2015	79.5
11	8	2015	79.6
11	9	2015	74
11	10	2015	69.7
11	11	2015	70.2
11	12	2015	75.2
11	13	2015	75.8
11	14	2015	74.1
11	15	2015	76.2
11	16	2015	79.3
11	17	2015	80.6
11	18	2015	79
11	19	2015	75.4
11	20	2015	74.7
11	21	2015	75.3
11	22	2015	76.2
11	23	2015	75.1
11	24	2015	72.3
11	25	2015	68.1
11	26	2015	58.8
11	27	2015	61.5
11	28	2015	70.2
11	29	2015	72.4
11	30	2015	69.7
12	1	2015	70.2
12	2	2015	70.8
12	3	2015	63.6
12	4	2015	62.7
12	5	2015	71.1
12	6	2015	63.6
12	7	2015	65.5
12	8	2015	67.9
12	9	2015	70.4
12	10	2015	67.6
12	11	2015	65
12	12	2015	64.9
12	13	2015	71.4
12	14	2015	68.7
12	15	2015	61.8
12	16	2015	56.8
12	17	2015	54.8
12	18	2015	62
12	19	2015	65.4
12	20	2015	70.7
12	21	2015	69.7
12	22	2015	75
12	23	2015	72.7
12	24	2015	69.6
12	25	2015	61.6
12	26	2015	64
12	27	2015	61.5
12	28	2015	61
12	29	2015	63
12	30	2015	60
12	31	2015	71.5
1	1	2016	66.7
1	2	2016	65.7
1	3	2016	66.6
1	4	2016	69.2
1	5	2016	68.9
1	6	2016	64.9
1	7	2016	63.1
1	8	2016	61.8
1	9	2016	62.8
1	10	2016	67.2
1	11	2016	62.6
1	12	2016	59.5
1	13	2016	57.1
1	14	2016	58.3
1	15	2016	60.7
1	16	2016	65.6
1	17	2016	60.7
1	18	2016	58.5
1	19	2016	55.6
1	20	2016	60.6
1	21	2016	60.1
1	22	2016	58.5
1	23	2016	47.5
1	24	2016	41.5
1	25	2016	47.3
1	26	2016	62.3
1	27	2016	66.5
1	28	2016	63.6
1	29	2016	62.5
1	30	2016	61.8
1	31	2016	64.5
2	1	2016	54.8
2	2	2016	54.6
2	3	2016	58.2
2	4	2016	63.2
2	5	2016	57.8
2	6	2016	51.3
2	7	2016	50.3
2	8	2016	54.6
2	9	2016	61.5
2	10	2016	70.2
2	11	2016	67.5
2	12	2016	71.3
2	13	2016	74.4
2	14	2016	57.7
2	15	2016	52.2
2	16	2016	53.7
2	17	2016	55.9
2	18	2016	62.9
2	19	2016	59.6
2	20	2016	57.3
2	21	2016	61.3
2	22	2016	62.1
2	23	2016	58.3
2	24	2016	54.6
2	25	2016	56.4
2	26	2016	57.8
2	27	2016	59.4
2	28	2016	64.6
2	29	2016	57.8
3	1	2016	59.2
3	2	2016	63.4
3	3	2016	66.7
3	4	2016	69
3	5	2016	73.8
3	6	2016	70.1
3	7	2016	73
3	8	2016	73.1
3	9	2016	59.5
3	10	2016	57
3	11	2016	54.3
3	12	2016	59.8
3	13	2016	61.8
3	14	2016	57.5
3	15	2016	58
3	16	2016	61.5
3	17	2016	67.3
3	18	2016	69.4
3	19	2016	66.2
3	20	2016	64.2
3	21	2016	64.6
3	22	2016	67.5
3	23	2016	59.3
3	24	2016	53.7
3	25	2016	52
3	26	2016	56.7
3	27	2016	54.6
3	28	2016	61
3	29	2016	67.4
3	30	2016	67.7
3	31	2016	67.2
4	1	2016	69.6
4	2	2016	76.5
4	3	2016	77.3
4	4	2016	72.8
4	5	2016	74.1
4	6	2016	78.1
4	7	2016	79.8
4	8	2016	72.7
4	9	2016	73
4	10	2016	72.3
4	11	2016	68.6
4	12	2016	73.1
4	13	2016	71.5
4	14	2016	68.2
4	15	2016	72.5
4	16	2016	78.5
4	17	2016	70.8
4	18	2016	64.5
4	19	2016	72.1
4	20	2016	77.6
4	21	2016	82.6
4	22	2016	78.1
4	23	2016	81.3
4	24	2016	76.4
4	25	2016	75.6
4	26	2016	79.2
4	27	2016	79.3
4	28	2016	67.6
4	29	2016	71.5
4	30	2016	74.4
5	1	2016	73.3
5	2	2016	82.5
5	3	2016	79.8
5	4	2016	82.4
5	5	2016	83
5	6	2016	85
5	7	2016	83.1
5	8	2016	80.5
5	9	2016	80.4
5	10	2016	79.5
5	11	2016	71.4
5	12	2016	80.6
5	13	2016	82
5	14	2016	83.3
5	15	2016	82.6
5	16	2016	67.1
5	17	2016	69.3
5	18	2016	75.6
5	19	2016	75.2
5	20	2016	77.7
5	21	2016	79
5	22	2016	79.7
5	23	2016	78.9
5	24	2016	77.4
5	25	2016	78.1
5	26	2016	83.1
5	27	2016	82.6
5	28	2016	85.8
5	29	2016	89
5	30	2016	86.4
5	31	2016	88.4
6	1	2016	91.5
6	2	2016	79.8
6	3	2016	86.1
6	4	2016	88.6
6	5	2016	80.4
6	6	2016	79.7
6	7	2016	81.2
6	8	2016	84.1
6	9	2016	82.3
6	10	2016	81.7
6	11	2016	81.1
6	12	2016	83.1
6	13	2016	83.4
6	14	2016	77.3
6	15	2016	87.2
6	16	2016	88.6
6	17	2016	82.2
6	18	2016	82
6	19	2016	85.9
6	20	2016	85.3
6	21	2016	84.8
6	22	2016	87.9
6	23	2016	86.7
6	24	2016	85.5
6	25	2016	86.2
6	26	2016	86.4
6	27	2016	88
6	28	2016	83.7
6	29	2016	83.2
6	30	2016	85.7
7	1	2016	87.6
7	2	2016	83.2
7	3	2016	84.3
7	4	2016	87.1
7	5	2016	88.5
7	6	2016	87.1
7	7	2016	83.8
7	8	2016	83.3
7	9	2016	83.7
7	10	2016	82.3
7	11	2016	82.3
7	12	2016	83.6
7	13	2016	86.3
7	14	2016	87
7	15	2016	89.7
7	16	2016	89.8
7	17	2016	85.7
7	18	2016	82.2
7	19	2016	84.3
7	20	2016	83.9
7	21	2016	86.9
7	22	2016	87.8
7	23	2016	87.8
7	24	2016	85.8
7	25	2016	86.6
7	26	2016	87.3
7	27	2016	89.5
7	28	2016	89.5
7	29	2016	89.1
7	30	2016	87.5
7	31	2016	86.9
8	1	2016	87.8
8	2	2016	85.9
8	3	2016	86.3
8	4	2016	88.6
8	5	2016	87.1
8	6	2016	85.9
8	7	2016	84.9
8	8	2016	86.7
8	9	2016	85.8
8	10	2016	85.7
8	11	2016	83.3
8	12	2016	85.5
8	13	2016	83.4
8	14	2016	87
8	15	2016	88.1
8	16	2016	86.4
8	17	2016	85.2
8	18	2016	87
8	19	2016	84.1
8	20	2016	86.4
8	21	2016	87
8	22	2016	86.5
8	23	2016	86.9
8	24	2016	86.3
8	25	2016	87
8	26	2016	87.3
8	27	2016	83.2
8	28	2016	79.5
8	29	2016	80.5
8	30	2016	82
8	31	2016	83.8
9	1	2016	85.7
9	2	2016	83.4
9	3	2016	81.9
9	4	2016	84.5
9	5	2016	83.6
9	6	2016	81.2
9	7	2016	85.4
9	8	2016	83.2
9	9	2016	79.6
9	10	2016	80.5
9	11	2016	83.5
9	12	2016	80
9	13	2016	84
9	14	2016	82.5
9	15	2016	82.3
9	16	2016	86
9	17	2016	78.3
9	18	2016	77.4
9	19	2016	79.7
9	20	2016	77.7
9	21	2016	78
9	22	2016	79.4
9	23	2016	79.1
9	24	2016	80.5
9	25	2016	80.8
9	26	2016	83.1
9	27	2016	82
9	28	2016	84.1
9	29	2016	83.6
9	30	2016	83.9
10	1	2016	83.5
10	2	2016	84.5
10	3	2016	83.4
10	4	2016	81.4
10	5	2016	81.8
10	6	2016	82.3
10	7	2016	78.4
10	8	2016	79.1
10	9	2016	73.4
10	10	2016	75.6
10	11	2016	77.6
10	12	2016	74.9
10	13	2016	77.1
10	14	2016	78.3
10	15	2016	80.2
10	16	2016	83.5
10	17	2016	81.9
10	18	2016	82.5
10	19	2016	83.6
10	20	2016	85.5
10	21	2016	85.2
10	22	2016	82.8
10	23	2016	80.5
10	24	2016	79.3
10	25	2016	83.9
10	26	2016	82.9
10	27	2016	81.7
10	28	2016	81.4
10	29	2016	73
10	30	2016	72.2
10	31	2016	74.2
11	1	2016	69.6
11	2	2016	68.2
11	3	2016	69.4
11	4	2016	69.8
11	5	2016	74.3
11	6	2016	77.8
11	7	2016	76.8
11	8	2016	70.6
11	9	2016	66.6
11	10	2016	67
11	11	2016	70
11	12	2016	75.1
11	13	2016	78.1
11	14	2016	76.6
11	15	2016	74.5
11	16	2016	75.1
11	17	2016	76.5
11	18	2016	76
11	19	2016	77.7
11	20	2016	74.9
11	21	2016	72.7
11	22	2016	72.1
11	23	2016	66.1
11	24	2016	65.5
11	25	2016	72.3
11	26	2016	71.4
11	27	2016	66.3
11	28	2016	68
11	29	2016	70.6
11	30	2016	72.9
12	1	2016	66.9
12	2	2016	67.5
12	3	2016	72.4
12	4	2016	73.8
12	5	2016	70.8
12	6	2016	67.4
12	7	2016	67.6
12	8	2016	69.4
12	9	2016	70.2
12	10	2016	69
12	11	2016	67.9
12	12	2016	70.3
12	13	2016	68.6
12	14	2016	63.2
12	15	2016	58.5
12	16	2016	58.8
12	17	2016	65.5
12	18	2016	70.2
12	19	2016	73.4
12	20	2016	77.3
12	21	2016	76.1
12	22	2016	67.3
12	23	2016	64.5
12	24	2016	67.5
12	25	2016	73.5
12	26	2016	71.7
12	27	2016	58.3
12	28	2016	58.9
12	29	2016	60.5
12	30	2016	64.6
12	31	2016	69.7
1	1	2017	71.5
1	2	2017	70.3
1	3	2017	69.3
1	4	2017	73.2
1	5	2017	71.8
1	6	2017	71.6
1	7	2017	71.6
1	8	2017	66.4
1	9	2017	62.7
1	10	2017	65.7
1	11	2017	67.4
1	12	2017	66.4
1	13	2017	57.7
1	14	2017	56.6
1	15	2017	56.4
1	16	2017	59.9
1	17	2017	67.5
1	18	2017	68
1	19	2017	64.9
1	20	2017	55.6
1	21	2017	57.1
1	22	2017	58.1
1	23	2017	57.9
1	24	2017	58.2
1	25	2017	60
1	26	2017	60.1
1	27	2017	65.7
1	28	2017	68.4
1	29	2017	69.3
1	30	2017	61
1	31	2017	62.4
2	1	2017	61.1
2	2	2017	60.1
2	3	2017	68
2	4	2017	66.4
2	5	2017	66
2	6	2017	63.6
2	7	2017	64.2
2	8	2017	62.9
2	9	2017	51.7
2	10	2017	53.6
2	11	2017	54
2	12	2017	58.6
2	13	2017	61
2	14	2017	61.9
2	15	2017	66.2
2	16	2017	65.5
2	17	2017	69.5
2	18	2017	66.5
2	19	2017	69.9
2	20	2017	67.8
2	21	2017	67.6
2	22	2017	66.6
2	23	2017	57.6
2	24	2017	56.1
2	25	2017	57.7
2	26	2017	56.5
2	27	2017	59.6
2	28	2017	57.8
3	1	2017	61.4
3	2	2017	57.8
3	3	2017	63.8
3	4	2017	64.3
3	5	2017	70.1
3	6	2017	59.9
3	7	2017	56.7
3	8	2017	58.1
3	9	2017	62.1
3	10	2017	63.8
3	11	2017	68.6
3	12	2017	71.8
3	13	2017	61.2
3	14	2017	57.6
3	15	2017	61.2
3	16	2017	61.6
3	17	2017	65
3	18	2017	67.8
3	19	2017	66.9
3	20	2017	71.8
3	21	2017	64.3
3	22	2017	69.6
3	23	2017	65.7
3	24	2017	70
3	25	2017	59.2
3	26	2017	57.3
3	27	2017	68.4
3	28	2017	71.2
3	29	2017	69.7
3	30	2017	73.6
3	31	2017	62
4	1	2017	57.7
4	2	2017	62.4
4	3	2017	68.5
4	4	2017	71.5
4	5	2017	76.1
4	6	2017	74.5
4	7	2017	74.5
4	8	2017	78.9
4	9	2017	79.2
4	10	2017	83.4
4	11	2017	65.2
4	12	2017	64
4	13	2017	67.7
4	14	2017	71.2
4	15	2017	78
4	16	2017	79.3
4	17	2017	83.5
4	18	2017	79.3
4	19	2017	78.3
4	20	2017	79.9
4	21	2017	74.4
4	22	2017	63.9
4	23	2017	69.4
4	24	2017	71.2
4	25	2017	77.2
4	26	2017	74.1
4	27	2017	62.3
4	28	2017	65.8
4	29	2017	71.7
4	30	2017	76.1
5	1	2017	80.1
5	2	2017	79.6
5	3	2017	78
5	4	2017	82.7
5	5	2017	81.1
5	6	2017	75.1
5	7	2017	76
5	8	2017	81.7
5	9	2017	77.9
5	10	2017	84
5	11	2017	84.3
5	12	2017	81.1
5	13	2017	77.1
5	14	2017	81.3
5	15	2017	77.6
5	16	2017	70.6
5	17	2017	76.4
5	18	2017	79.9
5	19	2017	75.1
5	20	2017	78.7
5	21	2017	78.5
5	22	2017	80.8
5	23	2017	83.9
5	24	2017	78.6
5	25	2017	72.7
5	26	2017	75.9
5	27	2017	72.6
5	28	2017	75.6
5	29	2017	82.2
5	30	2017	81.4
5	31	2017	85
6	1	2017	86.5
6	2	2017	76
6	3	2017	75.9
6	4	2017	78.4
6	5	2017	83.1
6	6	2017	85.4
6	7	2017	86.8
6	8	2017	84.3
6	9	2017	86.5
6	10	2017	84.7
6	11	2017	84.2
6	12	2017	82.8
6	13	2017	82.6
6	14	2017	75.2
6	15	2017	72.8
6	16	2017	76.7
6	17	2017	74
6	18	2017	76.7
6	19	2017	81.6
6	20	2017	85.8
6	21	2017	85.4
6	22	2017	85.8
6	23	2017	86.6
6	24	2017	88.5
6	25	2017	88.8
6	26	2017	89.1
6	27	2017	86
6	28	2017	87.4
6	29	2017	86.8
6	30	2017	85.5
7	1	2017	84.5
7	2	2017	87.2
7	3	2017	84.7
7	4	2017	84.3
7	5	2017	87.3
7	6	2017	88.5
7	7	2017	83.2
7	8	2017	83.9
7	9	2017	85
7	10	2017	86.3
7	11	2017	86.3
7	12	2017	87.7
7	13	2017	88.9
7	14	2017	87.6
7	15	2017	88.5
7	16	2017	88.8
7	17	2017	87.8
7	18	2017	89.2
7	19	2017	89.8
7	20	2017	89.9
7	21	2017	90
7	22	2017	88.8
7	23	2017	89.6
7	24	2017	89.3
7	25	2017	88.8
7	26	2017	87.5
7	27	2017	88
7	28	2017	86.8
7	29	2017	84.1
7	30	2017	87.8
7	31	2017	82.9
8	1	2017	87.1
8	2	2017	84.5
8	3	2017	87
8	4	2017	87.4
8	5	2017	90.5
8	6	2017	91.4
8	7	2017	92.5
8	8	2017	90.4
8	9	2017	91.6
8	10	2017	91.5
8	11	2017	89.2
8	12	2017	89.8
8	13	2017	88.9
8	14	2017	89.2
8	15	2017	90.4
8	16	2017	88.5
8	17	2017	87.5
8	18	2017	88.7
8	19	2017	87.1
8	20	2017	87.8
8	21	2017	86.1
8	22	2017	87.2
8	23	2017	85.8
8	24	2017	86.5
8	25	2017	88
8	26	2017	88.9
8	27	2017	85.9
8	28	2017	87.6
8	29	2017	87.3
8	30	2017	86.1
8	31	2017	85.2
9	1	2017	79.8
9	2	2017	79.6
9	3	2017	77.7
9	4	2017	84.7
9	5	2017	87.6
9	6	2017	89.5
9	7	2017	86.9
9	8	2017	84.9
9	9	2017	85.5
9	10	2017	84.7
9	11	2017	86.2
9	12	2017	85.4
9	13	2017	79.8
9	14	2017	80.8
9	15	2017	85.7
9	16	2017	82.6
9	17	2017	80.2
9	18	2017	81.6
9	19	2017	86.4
9	20	2017	87.8
9	21	2017	87.5
9	22	2017	88.3
9	23	2017	89.6
9	24	2017	88.2
9	25	2017	87.9
9	26	2017	89.2
9	27	2017	89.9
9	28	2017	86.3
9	29	2017	83.2
9	30	2017	85.9
10	1	2017	88.8
10	2	2017	87.5
10	3	2017	84.3
10	4	2017	79
10	5	2017	83
10	6	2017	82.2
10	7	2017	80
10	8	2017	82.4
10	9	2017	85.8
10	10	2017	85.5
10	11	2017	81.6
10	12	2017	78.7
10	13	2017	77.8
10	14	2017	79.7
10	15	2017	78.9
10	16	2017	83.8
10	17	2017	80
10	18	2017	76.8
10	19	2017	74.8
10	20	2017	72.4
10	21	2017	72.1
10	22	2017	69.5
10	23	2017	71.1
10	24	2017	72
10	25	2017	71.6
10	26	2017	73.2
10	27	2017	73.8
10	28	2017	71
10	29	2017	72.7
10	30	2017	67
10	31	2017	70.4
11	1	2017	75
11	2	2017	78.4
11	3	2017	72.7
11	4	2017	65.4
11	5	2017	71.2
11	6	2017	79.9
11	7	2017	79.6
11	8	2017	73.9
11	9	2017	74.6
11	10	2017	80.2
11	11	2017	69.7
11	12	2017	71.5
11	13	2017	73.6
11	14	2017	72.5
11	15	2017	74.6
11	16	2017	78.1
11	17	2017	79.1
11	18	2017	66.4
11	19	2017	64
11	20	2017	65.7
11	21	2017	71.6
11	22	2017	67
11	23	2017	63.3
11	24	2017	64.3
11	25	2017	66
11	26	2017	69.4
11	27	2017	72.4
11	28	2017	80.2
11	29	2017	78.1
11	30	2017	70.3
12	1	2017	66.1
12	2	2017	67.2
12	3	2017	69.4
12	4	2017	66.4
12	5	2017	61
12	6	2017	61
12	7	2017	62.3
12	8	2017	58.8
12	9	2017	58.2
12	10	2017	66.3
12	11	2017	63.6
12	12	2017	62.7
12	13	2017	62.8
12	14	2017	66.9
12	15	2017	69.3
12	16	2017	60.2
12	17	2017	55.9
12	18	2017	58.2
12	19	2017	57.9
12	20	2017	60.9
12	21	2017	62.1
12	22	2017	69.1
12	23	2017	69.8
12	24	2017	66.1
12	25	2017	63
12	26	2017	64.9
12	27	2017	66.1
12	28	2017	68.7
12	29	2017	66.1
12	30	2017	64.2
12	31	2017	59.6
1	1	2018	64.2
1	2	2018	69.2
1	3	2018	71.3
1	4	2018	68.8
1	5	2018	62.1
1	6	2018	63.7
1	7	2018	64.3
1	8	2018	60.2
1	9	2018	52.1
1	10	2018	52.8
1	11	2018	52.7
1	12	2018	51.7
1	13	2018	55.9
1	14	2018	63.3
1	15	2018	66
1	16	2018	68.4
1	17	2018	69.5
1	18	2018	68.7
1	19	2018	64.9
1	20	2018	65.6
1	21	2018	66.8
1	22	2018	63.9
1	23	2018	65.5
1	24	2018	61.7
1	25	2018	63.8
1	26	2018	58.6
1	27	2018	65
1	28	2018	59.1
1	29	2018	52.9
1	30	2018	56.8
1	31	2018	57.8
2	1	2018	54.1
2	2	2018	54.2
2	3	2018	49.7
2	4	2018	48
2	5	2018	47.8
2	6	2018	51.7
2	7	2018	52.5
2	8	2018	56
2	9	2018	62.5
2	10	2018	60.2
2	11	2018	54.4
2	12	2018	57.7
2	13	2018	60.7
2	14	2018	66.1
2	15	2018	71.4
2	16	2018	66.7
2	17	2018	64.7
2	18	2018	67.8
2	19	2018	70.8
2	20	2018	65.7
2	21	2018	62.2
2	22	2018	58.4
2	23	2018	63.6
2	24	2018	63.1
2	25	2018	60.1
2	26	2018	63.5
2	27	2018	66.9
2	28	2018	63.8
3	1	2018	73.1
3	2	2018	71.2
3	3	2018	72
3	4	2018	76.6
3	5	2018	69.6
3	6	2018	63.3
3	7	2018	66.7
3	8	2018	55.7
3	9	2018	55.9
3	10	2018	61.6
3	11	2018	66.4
3	12	2018	69.1
3	13	2018	70.8
3	14	2018	75
3	15	2018	71.1
3	16	2018	68.6
3	17	2018	68.4
3	18	2018	73.8
3	19	2018	76.7
3	20	2018	63.7
3	21	2018	58
3	22	2018	58.1
3	23	2018	67.6
3	24	2018	72
3	25	2018	72.7
3	26	2018	72.7
3	27	2018	71.7
3	28	2018	75.4
3	29	2018	78.1
3	30	2018	73.3
3	31	2018	75
4	1	2018	75.2
4	2	2018	77.2
4	3	2018	75.8
4	4	2018	77.6
4	5	2018	78.6
4	6	2018	63.3
4	7	2018	59.2
4	8	2018	67.5
4	9	2018	73.3
4	10	2018	76.2
4	11	2018	80.6
4	12	2018	77.5
4	13	2018	82.5
4	14	2018	76.6
4	15	2018	65.7
4	16	2018	65.7
4	17	2018	63
4	18	2018	70.5
4	19	2018	77.2
4	20	2018	77.6
4	21	2018	79.7
4	22	2018	82.6
4	23	2018	83.2
4	24	2018	70.8
4	25	2018	69.4
4	26	2018	74
4	27	2018	76.3
4	28	2018	75.8
4	29	2018	80.4
4	30	2018	81.1
5	1	2018	82.2
5	2	2018	82.3
5	3	2018	70.9
5	4	2018	77.1
5	5	2018	80.9
5	6	2018	83.6
5	7	2018	82.9
5	8	2018	76.1
5	9	2018	73
5	10	2018	75.1
5	11	2018	79
5	12	2018	82.2
5	13	2018	84.3
5	14	2018	84.3
5	15	2018	84.1
5	16	2018	86
5	17	2018	86.6
5	18	2018	87.1
5	19	2018	85.1
5	20	2018	86.7
5	21	2018	82.8
5	22	2018	86.9
5	23	2018	78.6
5	24	2018	82.7
5	25	2018	86.3
5	26	2018	84.8
5	27	2018	88.7
5	28	2018	88.1
5	29	2018	86.5
5	30	2018	86.4
5	31	2018	85.9
6	1	2018	75.5
6	2	2018	78.7
6	3	2018	81.4
6	4	2018	84.1
6	5	2018	86.3
6	6	2018	85
6	7	2018	86.4
6	8	2018	86.1
6	9	2018	84.1
6	10	2018	82.9
6	11	2018	78.1
6	12	2018	84.9
6	13	2018	82
6	14	2018	79.4
6	15	2018	77.5
6	16	2018	81.4
6	17	2018	84.4
6	18	2018	87.1
6	19	2018	86.4
6	20	2018	87.6
6	21	2018	85.1
6	22	2018	84.3
6	23	2018	85.2
6	24	2018	86.6
6	25	2018	87.3
6	26	2018	87.4
6	27	2018	88.2
6	28	2018	89.3
6	29	2018	86
6	30	2018	85.7
7	1	2018	88
7	2	2018	90.3
7	3	2018	89.8
7	4	2018	89.8
7	5	2018	87.1
7	6	2018	88.2
7	7	2018	83.1
7	8	2018	87.6
7	9	2018	87.1
7	10	2018	82.8
7	11	2018	83.6
7	12	2018	87.8
7	13	2018	87.9
7	14	2018	87.5
7	15	2018	86.9
7	16	2018	87
7	17	2018	88.1
7	18	2018	88.2
7	19	2018	86.8
7	20	2018	85.9
7	21	2018	82.8
7	22	2018	87.5
7	23	2018	85.3
7	24	2018	86.1
7	25	2018	87.7
7	26	2018	88.8
7	27	2018	86.8
7	28	2018	88.5
7	29	2018	90
7	30	2018	90.1
7	31	2018	91
8	1	2018	89.7
8	2	2018	90.2
8	3	2018	85.4
8	4	2018	87.3
8	5	2018	88.3
8	6	2018	88.4
8	7	2018	88.3
8	8	2018	88
8	9	2018	86.5
8	10	2018	88.1
8	11	2018	88
8	12	2018	84.5
8	13	2018	87.4
8	14	2018	82.8
8	15	2018	86.1
8	16	2018	87.4
8	17	2018	86.1
8	18	2018	85
8	19	2018	84.1
8	20	2018	85.1
8	21	2018	86.2
8	22	2018	88.4
8	23	2018	85.9
8	24	2018	83.1
8	25	2018	86.7
8	26	2018	83.6
8	27	2018	83.9
8	28	2018	82.3
8	29	2018	83
8	30	2018	80.2
8	31	2018	82.5
9	1	2018	83.5
9	2	2018	85.4
9	3	2018	87.8
9	4	2018	88.3
9	5	2018	87
9	6	2018	86.7
9	7	2018	83.4
9	8	2018	81
9	9	2018	75.1
9	10	2018	79.2
9	11	2018	85.4
9	12	2018	85.8
9	13	2018	86.8
9	14	2018	85.3
9	15	2018	84.6
9	16	2018	85.3
9	17	2018	85.3
9	18	2018	82.5
9	19	2018	86.6
9	20	2018	85.9
9	21	2018	86.1
9	22	2018	85.2
9	23	2018	83.5
9	24	2018	80.2
9	25	2018	81.1
9	26	2018	76.5
9	27	2018	79.6
9	28	2018	77.8
9	29	2018	73.3
9	30	2018	76.1
10	1	2018	78.9
10	2	2018	76.8
10	3	2018	77.9
10	4	2018	71.5
10	5	2018	78.8
10	6	2018	77.3
10	7	2018	76.2
10	8	2018	76.2
10	9	2018	76.5
10	10	2018	73.9
10	11	2018	69.7
10	12	2018	68.2
10	13	2018	71.2
10	14	2018	76.5
10	15	2018	77.3
10	16	2018	75.4
10	17	2018	71.1
10	18	2018	74.6
10	19	2018	70.2
10	20	2018	72.1
10	21	2018	76.3
10	22	2018	82.6
10	23	2018	74.3
10	24	2018	75.7
10	25	2018	78.3
10	26	2018	78.6
10	27	2018	69.6
10	28	2018	68.1
10	29	2018	72
10	30	2018	73.7
10	31	2018	67.5
11	1	2018	67.7
11	2	2018	72.4
11	3	2018	75.9
11	4	2018	76.3
11	5	2018	75.6
11	6	2018	78.6
11	7	2018	80.1
11	8	2018	77.8
11	9	2018	73.3
11	10	2018	75.3
11	11	2018	77.4
11	12	2018	75
11	13	2018	71.5
11	14	2018	71.5
11	15	2018	71.5
11	16	2018	78.2
11	17	2018	78.2
11	18	2018	76.6
11	19	2018	69.8
11	20	2018	73.2
11	21	2018	74.7
11	22	2018	65
11	23	2018	65.7
11	24	2018	72.9
11	25	2018	74.7
11	26	2018	70.1
11	27	2018	69.9
11	28	2018	67.4
11	29	2018	70.1
11	30	2018	74
12	1	2018	75
12	2	2018	76.3
12	3	2018	75.7
12	4	2018	77.7
12	5	2018	72.4
12	6	2018	74.2
12	7	2018	65.5
12	8	2018	64.6
12	9	2018	66.1
12	10	2018	71.2
12	11	2018	66
12	12	2018	61
12	13	2018	63.5
12	14	2018	64.3
12	15	2018	68.9
12	16	2018	67.3
12	17	2018	58.9
12	18	2018	64.9
12	19	2018	68
12	20	2018	71.6
12	21	2018	72.9
12	22	2018	74.8
12	23	2018	66.1
12	24	2018	64.5
12	25	2018	71.4
12	26	2018	68.1
12	27	2018	62.1
12	28	2018	58
12	29	2018	57.3
12	30	2018	60.5
12	31	2018	61.7